timestamp,open,high,low,close,volumn
2024-04-11 19:00:00,439.8,1249.0,439.8,733.2,71557.9693
2024-04-11 19:15:00,733.8,777.6,721.2,724.4,20322.3417
2024-04-11 19:30:00,724.5,741.9,705.8,711.4,10934.0406
2024-04-11 19:45:00,711.6,712.7,677.0,690.9,12255.7006
2024-04-11 20:00:00,690.9,730.0,690.5,708.0,9978.0468
2024-04-11 20:15:00,708.4,733.0,706.1,726.8,5700.3815
2024-04-11 20:30:00,726.7,745.4,712.6,716.1,6295.1423
2024-04-11 20:45:00,715.5,731.0,713.0,727.8,3375.0385
2024-04-11 21:00:00,727.4,728.3,700.0,702.4,4004.3506
2024-04-11 21:15:00,703.0,708.6,690.0,691.5,2967.676
2024-04-11 21:30:00,691.7,717.6,687.4,713.8,4163.3406
2024-04-11 21:45:00,713.9,717.2,696.3,700.4,2729.8431
2024-04-11 22:00:00,700.8,706.3,687.6,692.2,3005.6253
2024-04-11 22:15:00,692.3,693.9,666.9,670.0,7336.997
2024-04-11 22:30:00,670.0,670.8,650.0,651.2,6629.1297
2024-04-11 22:45:00,651.1,653.3,625.0,648.2,9120.914
2024-04-11 23:00:00,647.7,658.0,634.4,639.0,3847.2491
2024-04-11 23:15:00,638.9,642.7,619.9,624.9,4126.2658
2024-04-11 23:30:00,625.0,632.6,617.3,623.5,2940.854
2024-04-11 23:45:00,623.5,634.2,619.0,630.3,2494.1159
2024-04-12 00:00:00,630.6,644.9,629.6,639.5,2990.1929
2024-04-12 00:15:00,639.7,650.0,639.4,647.5,2201.4448
2024-04-12 00:30:00,647.6,648.9,632.0,642.0,2024.7852
2024-04-12 00:45:00,642.1,645.0,634.2,635.6,1252.997
2024-04-12 01:00:00,635.5,646.8,634.0,642.9,1264.2986
2024-04-12 01:15:00,643.2,647.1,637.6,645.1,1013.8377
2024-04-12 01:30:00,645.0,646.1,637.7,638.3,1003.6304
2024-04-12 01:45:00,638.3,640.2,632.5,636.2,1332.2277
2024-04-12 02:00:00,636.3,636.3,625.3,626.1,1043.2197
2024-04-12 02:15:00,625.5,633.0,620.8,631.4,1901.2798
2024-04-12 02:30:00,631.4,642.9,631.0,640.1,1768.6818
2024-04-12 02:45:00,640.3,640.7,631.7,637.9,1120.7079
2024-04-12 03:00:00,637.9,639.0,631.1,636.7,658.0076
2024-04-12 03:15:00,636.8,643.6,633.5,643.1,1382.6165
2024-04-12 03:30:00,643.2,646.9,638.7,644.8,1442.7362
2024-04-12 03:45:00,644.8,652.8,643.7,652.1,1386.1019
2024-04-12 04:00:00,652.0,654.5,641.7,654.1,1467.7479
2024-04-12 04:15:00,654.2,671.6,654.1,657.0,3376.2342
2024-04-12 04:30:00,657.0,664.0,649.1,660.7,1549.0203
2024-04-12 04:45:00,661.0,664.5,643.5,649.6,3075.9182
2024-04-12 05:00:00,649.6,650.0,621.1,630.9,5487.1136
2024-04-12 05:15:00,630.7,638.5,625.3,626.8,1997.8201
2024-04-12 05:30:00,626.8,632.7,626.8,628.4,1152.5831
2024-04-12 05:45:00,628.4,635.0,624.0,633.9,1108.2303
2024-04-12 06:00:00,633.3,637.0,629.1,629.9,683.7827
2024-04-12 06:15:00,630.0,634.3,625.5,627.2,779.0745
2024-04-12 06:30:00,627.0,637.6,624.0,630.8,1578.8349
2024-04-12 06:45:00,630.4,634.0,621.8,623.4,1251.0271
2024-04-12 07:00:00,623.6,626.6,611.1,613.4,3185.9903
2024-04-12 07:15:00,613.4,625.6,605.7,621.5,1929.8433
2024-04-12 07:30:00,621.6,631.0,616.1,625.8,1560.2054
2024-04-12 07:45:00,625.8,640.9,625.8,632.7,1414.2547
2024-04-12 08:00:00,632.7,633.2,622.3,624.0,711.1822
2024-04-12 08:15:00,624.0,629.5,617.3,623.6,892.2495
2024-04-12 08:30:00,623.7,624.4,616.9,622.8,773.6672
2024-04-12 08:45:00,622.8,625.0,610.9,614.6,758.6125
2024-04-12 09:00:00,615.0,619.4,610.2,618.3,1182.411
2024-04-12 09:15:00,618.3,622.4,616.0,618.1,794.0816
2024-04-12 09:30:00,617.8,623.0,617.4,621.7,385.1793
2024-04-12 09:45:00,621.3,623.0,615.0,618.3,449.9254
2024-04-12 10:00:00,618.0,618.6,615.1,615.4,460.027
2024-04-12 10:15:00,615.4,618.4,615.2,615.7,404.5921
2024-04-12 10:30:00,615.6,616.2,610.0,610.0,561.0904
2024-04-12 10:45:00,610.2,614.7,602.1,614.0,1466.5923
2024-04-12 11:00:00,614.1,614.8,605.6,609.6,840.9703
2024-04-12 11:15:00,609.8,610.7,602.5,603.7,1168.8601
2024-04-12 11:30:00,603.6,610.2,596.5,610.0,1612.842
2024-04-12 11:45:00,610.1,630.0,605.8,622.8,3087.4409
2024-04-12 12:00:00,622.7,645.0,618.2,633.0,2563.962
2024-04-12 12:15:00,633.1,638.2,629.2,632.2,1382.4949
2024-04-12 12:30:00,632.2,636.1,632.0,635.7,874.9831
2024-04-12 12:45:00,635.7,636.5,632.0,632.2,698.5099
2024-04-12 13:00:00,632.0,635.8,629.6,629.6,1284.7854
2024-04-12 13:15:00,629.9,646.3,629.9,640.4,2571.6961
2024-04-12 13:30:00,640.5,641.5,626.4,626.4,997.0835
2024-04-12 13:45:00,626.7,630.0,622.3,625.0,800.5989
2024-04-12 14:00:00,625.0,637.1,625.0,634.7,698.9577
2024-04-12 14:15:00,634.7,640.3,631.0,638.9,774.0445
2024-04-12 14:30:00,638.9,645.5,637.3,644.1,1800.1879
2024-04-12 14:45:00,644.0,644.0,632.6,638.0,1029.2027
2024-04-12 15:00:00,638.4,640.6,630.4,633.8,1063.7335
2024-04-12 15:15:00,633.8,643.9,632.6,642.9,1010.84
2024-04-12 15:30:00,642.7,645.8,636.6,642.7,1019.5075
2024-04-12 15:45:00,642.9,643.8,627.8,631.6,2692.3502
2024-04-12 16:00:00,631.0,636.2,627.5,633.5,2030.7245
2024-04-12 16:15:00,633.5,637.5,630.0,634.0,661.739
2024-04-12 16:30:00,634.0,645.0,620.0,625.8,4963.2972
2024-04-12 16:45:00,626.0,626.5,616.1,624.0,1870.063
2024-04-12 17:00:00,624.0,626.2,617.7,622.0,782.3227
2024-04-12 17:15:00,622.1,623.9,619.3,622.7,636.9046
2024-04-12 17:30:00,622.7,624.6,619.0,621.4,1212.6928
2024-04-12 17:45:00,621.3,622.3,613.9,620.7,1026.5393
2024-04-12 18:00:00,621.1,622.0,615.0,617.4,604.3525
2024-04-12 18:15:00,617.4,618.6,613.0,613.7,605.3703
2024-04-12 18:30:00,613.8,618.6,613.0,616.7,510.9426
2024-04-12 18:45:00,616.6,618.6,611.9,614.4,714.0129
2024-04-12 19:00:00,614.4,614.4,607.1,608.0,1228.9946
2024-04-12 19:15:00,608.0,609.5,602.2,602.9,1423.2757
2024-04-12 19:30:00,602.7,603.0,586.9,589.9,3847.4699
2024-04-12 19:45:00,590.0,598.0,589.9,596.3,1643.0449
2024-04-12 20:00:00,596.2,596.5,551.1,569.2,12148.7568
2024-04-12 20:15:00,569.3,573.1,562.0,571.4,2492.5346
2024-04-12 20:30:00,570.9,596.9,565.6,573.0,6202.1796
2024-04-12 20:45:00,573.5,579.6,572.3,572.7,1464.0674
2024-04-12 21:00:00,572.6,591.8,570.5,588.9,4430.8862
2024-04-12 21:15:00,588.9,590.0,582.1,587.0,1090.808
2024-04-12 21:30:00,587.0,589.2,575.7,577.0,1836.1906
2024-04-12 21:45:00,577.0,587.3,575.1,580.1,845.9694
2024-04-12 22:00:00,579.9,584.5,578.0,578.8,569.9226
2024-04-12 22:15:00,578.0,583.6,568.6,571.8,2984.3652
2024-04-12 22:30:00,572.0,578.1,566.0,575.2,4134.363
2024-04-12 22:45:00,575.1,579.1,572.6,572.7,784.5913
2024-04-12 23:00:00,572.8,584.9,572.0,575.1,799.1058
2024-04-12 23:15:00,575.1,587.0,572.8,583.7,990.5522
2024-04-12 23:30:00,583.7,599.6,583.5,591.7,1921.7986
2024-04-12 23:45:00,591.6,597.7,576.2,579.2,1699.5597
2024-04-13 00:00:00,579.2,584.9,578.9,583.0,357.6319
2024-04-13 00:15:00,583.0,583.6,557.7,568.0,1388.8734
2024-04-13 00:30:00,566.9,581.1,566.2,580.6,1427.4681
2024-04-13 00:45:00,580.6,583.0,569.6,575.7,1790.4572
2024-04-13 01:00:00,575.7,583.8,575.7,576.6,1592.7976
2024-04-13 01:15:00,576.7,582.6,571.8,577.2,1475.692
2024-04-13 01:30:00,577.3,578.0,500.0,528.2,7038.5693
2024-04-13 01:45:00,528.2,539.0,512.8,535.2,3696.5964
2024-04-13 02:00:00,535.2,544.0,526.0,539.4,1974.0534
2024-04-13 02:15:00,539.6,547.2,526.5,531.1,4801.6297
2024-04-13 02:30:00,531.0,536.3,520.1,529.5,1852.1937
2024-04-13 02:45:00,529.6,539.5,525.8,537.8,1143.404
2024-04-13 03:00:00,537.9,537.9,523.4,535.5,1282.6158
2024-04-13 03:15:00,535.3,536.5,528.6,532.6,899.575
2024-04-13 03:30:00,532.8,548.4,530.8,546.8,1156.3738
2024-04-13 03:45:00,546.3,549.9,541.4,545.4,1084.3419
2024-04-13 04:00:00,545.3,548.6,539.3,543.0,853.5351
2024-04-13 04:15:00,543.1,548.0,540.9,547.2,542.3742
2024-04-13 04:30:00,547.1,549.9,546.6,549.7,346.4848
2024-04-13 04:45:00,549.7,553.0,546.8,549.8,435.8114
2024-04-13 05:00:00,549.9,552.0,548.7,551.1,482.2555
2024-04-13 05:15:00,551.1,551.2,544.5,544.7,469.3116
2024-04-13 05:30:00,544.6,547.6,538.9,544.8,388.8158
2024-04-13 05:45:00,544.6,547.0,542.3,546.9,387.9973
2024-04-13 06:00:00,546.9,546.9,535.0,543.3,595.4227
2024-04-13 06:15:00,543.4,544.8,539.4,543.6,255.4271
2024-04-13 06:30:00,543.5,545.0,538.3,539.1,457.5256
2024-04-13 06:45:00,538.7,542.8,535.7,537.5,396.3911
2024-04-13 07:00:00,537.4,546.2,536.8,542.3,389.9015
2024-04-13 07:15:00,542.2,544.4,538.4,543.6,372.7841
2024-04-13 07:30:00,542.9,544.5,531.9,533.1,398.5405
2024-04-13 07:45:00,533.5,537.1,530.0,531.7,460.6953
2024-04-13 08:00:00,531.8,534.9,530.1,531.2,321.1655
2024-04-13 08:15:00,531.2,533.3,527.8,529.8,232.1331
2024-04-13 08:30:00,529.9,530.0,523.3,523.4,599.8511
2024-04-13 08:45:00,523.5,523.8,508.8,509.4,1343.7875
2024-04-13 09:00:00,509.4,520.7,509.4,519.7,996.2666
2024-04-13 09:15:00,519.7,530.4,515.7,529.0,588.3821
2024-04-13 09:30:00,529.1,532.4,525.1,532.1,665.7183
2024-04-13 09:45:00,532.3,533.8,526.3,528.6,273.5992
2024-04-13 10:00:00,528.9,533.3,527.4,529.1,241.2184
2024-04-13 10:15:00,529.0,538.2,528.8,535.8,425.5308
2024-04-13 10:30:00,536.5,546.3,535.6,546.3,863.6215
2024-04-13 10:45:00,546.0,551.5,543.6,549.3,618.9676
2024-04-13 11:00:00,549.3,551.3,539.2,543.4,643.142
2024-04-13 11:15:00,543.3,545.0,540.4,545.0,503.9896
2024-04-13 11:30:00,544.7,546.4,540.9,545.4,272.6352
2024-04-13 11:45:00,545.2,560.0,545.2,554.3,1220.6286
2024-04-13 12:00:00,554.2,570.6,552.2,568.8,1418.8815
2024-04-13 12:15:00,568.7,571.5,555.2,556.6,1122.3915
2024-04-13 12:30:00,557.4,557.5,549.3,553.2,574.0325
2024-04-13 12:45:00,553.0,555.3,550.0,551.5,350.0991
2024-04-13 13:00:00,551.5,556.3,546.0,552.0,592.8969
2024-04-13 13:15:00,551.9,551.9,543.7,548.6,374.8984
2024-04-13 13:30:00,548.7,550.0,544.8,549.9,333.4938
2024-04-13 13:45:00,550.0,555.8,547.1,554.0,412.8552
2024-04-13 14:00:00,554.0,554.3,545.3,545.6,284.2722
2024-04-13 14:15:00,546.2,550.6,542.4,548.1,535.7851
2024-04-13 14:30:00,547.9,548.1,541.4,542.0,591.3826
2024-04-13 14:45:00,541.8,544.9,540.9,542.3,208.9682
2024-04-13 15:00:00,542.0,543.6,531.0,536.0,1691.4031
2024-04-13 15:15:00,536.0,542.6,533.9,542.3,432.849
2024-04-13 15:30:00,542.3,550.0,541.7,542.4,507.9399
2024-04-13 15:45:00,542.0,542.0,535.3,536.3,281.5543
2024-04-13 16:00:00,536.2,542.4,535.8,536.8,382.367
2024-04-13 16:15:00,536.9,544.0,536.9,541.7,387.7009
2024-04-13 16:30:00,541.8,545.0,539.7,541.1,281.229
2024-04-13 16:45:00,541.1,544.1,539.1,540.8,315.7093
2024-04-13 17:00:00,540.9,544.0,540.0,541.8,234.2446
2024-04-13 17:15:00,541.7,547.4,540.3,546.7,240.8866
2024-04-13 17:30:00,546.7,549.9,544.1,545.7,550.3192
2024-04-13 17:45:00,545.5,547.0,543.2,546.6,396.6939
2024-04-13 18:00:00,546.7,550.9,545.3,548.5,547.128
2024-04-13 18:15:00,548.4,550.6,541.0,542.0,263.7738
2024-04-13 18:30:00,542.0,544.4,537.7,537.9,238.3239
2024-04-13 18:45:00,537.9,539.2,533.1,533.7,313.3587
2024-04-13 19:00:00,533.7,539.5,532.4,536.4,508.6975
2024-04-13 19:15:00,536.5,536.5,530.9,533.5,267.1091
2024-04-13 19:30:00,533.6,535.0,525.6,533.6,749.8421
2024-04-13 19:45:00,533.6,536.8,532.1,535.3,235.7164
2024-04-13 20:00:00,535.0,535.1,530.0,533.7,259.5403
2024-04-13 20:15:00,533.8,536.2,533.4,534.0,789.2862
2024-04-13 20:30:00,533.9,533.9,522.8,526.6,809.595
2024-04-13 20:45:00,526.3,526.8,520.6,523.4,701.9092
2024-04-13 21:00:00,523.0,524.6,516.8,518.9,732.9452
2024-04-13 21:15:00,518.6,522.8,514.0,518.6,940.6943
2024-04-13 21:30:00,518.5,519.1,509.7,510.2,996.0619
2024-04-13 21:45:00,510.1,515.8,509.4,514.1,778.1734
2024-04-13 22:00:00,514.3,515.1,509.4,510.4,418.0132
2024-04-13 22:15:00,510.7,521.2,510.4,521.0,826.8928
2024-04-13 22:30:00,520.9,521.1,515.0,515.3,502.8223
2024-04-13 22:45:00,515.4,517.7,510.0,510.0,389.5086
2024-04-13 23:00:00,510.1,510.9,500.5,504.6,1217.1271
2024-04-13 23:15:00,504.6,505.9,500.2,502.4,534.3094
2024-04-13 23:30:00,502.4,507.4,502.1,502.6,305.672
2024-04-13 23:45:00,502.6,505.5,500.0,501.1,699.9156
2024-04-14 00:00:00,501.1,501.9,490.7,491.3,1050.5425
2024-04-14 00:15:00,491.8,492.4,481.3,482.4,896.0071
2024-04-14 00:30:00,482.9,496.4,481.8,491.0,1151.4722
2024-04-14 00:45:00,491.4,496.4,486.9,488.7,891.3472
2024-04-14 01:00:00,488.7,493.9,483.9,493.6,818.921
2024-04-14 01:15:00,494.3,496.4,492.0,495.5,537.0453
2024-04-14 01:30:00,495.2,500.9,492.7,500.3,541.5194
2024-04-14 01:45:00,500.2,528.0,500.0,524.0,1824.0982
2024-04-14 02:00:00,523.1,523.1,508.7,510.3,1212.001
2024-04-14 02:15:00,510.3,515.6,502.8,512.5,1362.8033
2024-04-14 02:30:00,512.6,520.5,508.9,508.9,697.658
2024-04-14 02:45:00,508.9,510.0,459.0,470.1,3976.5908
2024-04-14 03:00:00,469.7,476.1,400.0,438.2,6813.5634
2024-04-14 03:15:00,437.5,446.5,433.1,439.8,3387.2835
2024-04-14 03:30:00,440.5,475.7,439.2,467.4,3261.8924
2024-04-14 03:45:00,467.4,467.4,445.5,449.1,2390.4827
2024-04-14 04:00:00,449.2,463.7,448.0,448.0,1234.2476
2024-04-14 04:15:00,448.8,453.6,439.0,443.2,2492.1685
2024-04-14 04:30:00,442.9,459.8,442.8,454.9,1111.8688
2024-04-14 04:45:00,454.9,474.8,454.5,474.8,1258.1779
2024-04-14 05:00:00,474.8,478.5,462.3,464.4,2395.2769
2024-04-14 05:15:00,464.1,490.2,464.0,489.7,1339.4142
2024-04-14 05:30:00,490.0,510.3,485.2,510.3,2026.4337
2024-04-14 05:45:00,510.0,532.8,500.1,526.5,2368.7303
2024-04-14 06:00:00,526.5,541.5,522.8,523.4,3056.8179
2024-04-14 06:15:00,522.1,537.6,518.5,524.1,1544.9049
2024-04-14 06:30:00,524.4,528.7,492.2,506.8,9023.9125
2024-04-14 06:45:00,506.6,510.0,506.0,509.2,1090.2016
2024-04-14 07:00:00,509.2,510.0,500.9,501.0,957.8443
2024-04-14 07:15:00,501.3,507.6,500.0,501.4,1077.5783
2024-04-14 07:30:00,501.4,513.9,501.4,513.9,730.731
2024-04-14 07:45:00,514.0,514.0,492.6,493.5,1494.8262
2024-04-14 08:00:00,493.8,495.9,485.0,485.8,2197.4132
2024-04-14 08:15:00,485.9,494.4,482.4,493.5,1262.7264
2024-04-14 08:30:00,493.5,504.5,487.9,494.5,897.3661
2024-04-14 08:45:00,495.0,495.2,485.3,487.5,556.765
2024-04-14 09:00:00,487.5,488.4,478.7,479.5,432.7605
2024-04-14 09:15:00,480.1,486.0,477.9,482.0,458.3311
2024-04-14 09:30:00,482.1,487.2,479.7,484.9,390.8298
2024-04-14 09:45:00,484.9,491.5,482.3,485.6,392.8651
2024-04-14 10:00:00,486.0,487.5,470.1,470.9,902.671
2024-04-14 10:15:00,471.5,479.8,471.5,474.6,575.4935
2024-04-14 10:30:00,475.0,487.4,474.6,486.6,498.3374
2024-04-14 10:45:00,486.1,487.8,480.3,485.9,416.9147
2024-04-14 11:00:00,486.1,487.1,482.4,485.6,299.7269
2024-04-14 11:15:00,485.1,498.1,485.0,497.2,617.1528
2024-04-14 11:30:00,497.1,497.1,488.7,495.0,458.0516
2024-04-14 11:45:00,493.8,496.9,488.7,495.5,492.4193
2024-04-14 12:00:00,495.6,508.8,494.7,502.9,986.1649
2024-04-14 12:15:00,502.9,503.0,496.0,502.0,384.1441
2024-04-14 12:30:00,501.4,516.3,499.3,513.4,1072.873
2024-04-14 12:45:00,513.0,513.2,506.3,508.3,214.8195
2024-04-14 13:00:00,507.7,513.2,502.9,508.7,577.4233
2024-04-14 13:15:00,508.9,520.0,507.3,517.1,612.5826
2024-04-14 13:30:00,516.4,522.0,512.7,519.6,574.5818
2024-04-14 13:45:00,519.0,519.6,511.7,515.5,629.2415
2024-04-14 14:00:00,516.0,519.0,513.2,513.6,546.6988
2024-04-14 14:15:00,513.7,521.5,513.6,518.6,904.5027
2024-04-14 14:30:00,518.4,528.9,515.7,527.4,819.0476
2024-04-14 14:45:00,527.8,534.5,523.5,523.8,1035.4843
2024-04-14 15:00:00,523.9,526.5,517.9,520.0,484.977
2024-04-14 15:15:00,520.4,521.0,515.5,519.1,196.2457
2024-04-14 15:30:00,519.2,520.8,514.3,515.5,417.8745
2024-04-14 15:45:00,515.5,517.0,511.7,516.1,389.7659
2024-04-14 16:00:00,515.9,521.1,515.1,515.3,719.2526
2024-04-14 16:15:00,515.3,518.9,514.0,518.2,408.167
2024-04-14 16:30:00,518.3,519.5,514.9,518.3,633.601
2024-04-14 16:45:00,517.5,519.8,514.7,516.4,244.0411
2024-04-14 17:00:00,516.3,523.0,516.3,520.5,290.5715
2024-04-14 17:15:00,520.5,522.5,517.1,520.0,477.8795
2024-04-14 17:30:00,520.5,527.5,518.6,526.0,480.4007
2024-04-14 17:45:00,526.2,532.1,523.2,524.2,615.7973
2024-04-14 18:00:00,525.0,530.1,523.1,523.1,822.8647
2024-04-14 18:15:00,523.5,524.1,515.0,517.8,765.3513
2024-04-14 18:30:00,517.9,520.0,514.1,514.1,455.1766
2024-04-14 18:45:00,513.9,520.0,513.2,519.9,303.4304
2024-04-14 19:00:00,520.0,547.1,519.6,535.7,2173.4213
2024-04-14 19:15:00,535.6,560.0,534.4,556.0,4349.7103
2024-04-14 19:30:00,555.5,556.2,539.1,540.6,2844.1921
2024-04-14 19:45:00,540.9,551.7,540.9,547.2,1176.5987
2024-04-14 20:00:00,547.8,554.3,538.0,554.0,1651.191
2024-04-14 20:15:00,554.2,567.4,554.2,561.0,3438.969
2024-04-14 20:30:00,560.9,580.0,554.0,554.8,3050.8737
2024-04-14 20:45:00,555.3,562.9,551.9,554.0,1831.8752
2024-04-14 21:00:00,554.0,582.3,551.9,574.9,3959.3058
2024-04-14 21:15:00,574.8,589.0,574.2,581.4,4354.0858
2024-04-14 21:30:00,581.3,587.9,567.4,570.0,3565.1385
2024-04-14 21:45:00,570.4,582.8,567.4,578.1,2092.1779
2024-04-14 22:00:00,578.3,598.4,574.3,588.6,3864.7075
2024-04-14 22:15:00,588.4,594.6,580.9,584.8,2574.8085
2024-04-14 22:30:00,584.7,588.5,578.3,579.8,1293.3719
2024-04-14 22:45:00,579.8,588.0,578.1,584.8,1351.6345
2024-04-14 23:00:00,584.9,592.4,572.3,574.9,2031.0561
2024-04-14 23:15:00,574.6,584.9,570.1,583.5,1200.7037
2024-04-14 23:30:00,583.9,587.0,574.6,581.2,1266.5977
2024-04-14 23:45:00,580.8,582.0,568.5,574.3,1118.6278
2024-04-15 00:00:00,574.1,593.4,570.0,579.7,2558.759
2024-04-15 00:15:00,579.7,585.4,553.2,567.5,3449.4596
2024-04-15 00:30:00,567.2,591.5,566.9,583.3,2920.4048
2024-04-15 00:45:00,583.3,587.2,576.0,582.5,982.377
2024-04-15 01:00:00,583.3,597.2,579.0,592.0,2217.8629
2024-04-15 01:15:00,591.3,610.7,590.8,609.3,3385.4471
2024-04-15 01:30:00,609.1,623.9,597.6,599.2,4592.0332
2024-04-15 01:45:00,599.8,603.2,590.2,596.9,1757.9955
2024-04-15 02:00:00,596.8,601.3,591.0,595.2,1013.1483
2024-04-15 02:15:00,594.7,601.9,590.5,591.5,875.9031
2024-04-15 02:30:00,591.4,597.1,586.0,591.0,1018.3993
2024-04-15 02:45:00,591.1,594.5,586.4,588.4,976.9723
2024-04-15 03:00:00,588.1,592.5,574.4,576.0,1381.1305
2024-04-15 03:15:00,576.0,580.9,575.4,577.5,920.7106
2024-04-15 03:30:00,577.7,586.8,577.1,579.9,848.9604
2024-04-15 03:45:00,580.0,581.5,572.4,579.2,742.484
2024-04-15 04:00:00,578.8,580.0,572.2,576.1,418.0082
2024-04-15 04:15:00,575.7,577.5,572.3,575.3,645.0353
2024-04-15 04:30:00,575.2,577.0,570.0,570.5,268.2901
2024-04-15 04:45:00,570.6,577.3,570.5,575.7,446.4357
2024-04-15 05:00:00,575.7,596.2,575.7,595.0,1661.399
2024-04-15 05:15:00,594.8,610.0,592.6,606.5,1326.8631
2024-04-15 05:30:00,606.5,608.4,598.7,599.8,1137.7503
2024-04-15 05:45:00,599.1,605.8,589.4,590.0,1854.4484
2024-04-15 06:00:00,589.8,595.6,586.3,593.0,1129.7358
2024-04-15 06:15:00,592.6,599.0,588.3,590.4,463.8596
2024-04-15 06:30:00,590.2,591.1,579.2,583.5,1302.688
2024-04-15 06:45:00,583.9,589.7,580.5,586.5,607.2942
2024-04-15 07:00:00,586.5,594.4,583.5,593.5,795.0684
2024-04-15 07:15:00,593.2,593.5,580.9,581.5,357.489
2024-04-15 07:30:00,581.6,585.2,577.8,580.9,750.8521
2024-04-15 07:45:00,581.4,584.8,577.1,578.5,287.8533
2024-04-15 08:00:00,577.9,579.2,571.7,575.0,905.7877
2024-04-15 08:15:00,575.2,585.0,575.2,582.5,579.2002
2024-04-15 08:30:00,581.5,584.3,577.7,578.2,171.283
2024-04-15 08:45:00,578.0,580.9,575.2,578.8,232.5289
2024-04-15 09:00:00,578.8,578.8,566.4,567.6,335.2418
2024-04-15 09:15:00,567.6,570.1,563.5,563.6,375.9568
2024-04-15 09:30:00,563.7,565.1,558.9,561.5,884.9498
2024-04-15 09:45:00,561.5,564.8,558.9,559.7,339.5433
2024-04-15 10:00:00,560.0,563.6,556.0,557.8,959.7926
2024-04-15 10:15:00,557.7,559.7,555.0,556.7,371.0449
2024-04-15 10:30:00,556.7,557.6,553.5,556.7,315.8526
2024-04-15 10:45:00,556.5,562.7,553.5,560.0,1253.0411
2024-04-15 11:00:00,560.0,563.2,554.9,557.1,415.2513
2024-04-15 11:15:00,557.1,560.3,554.1,557.8,675.3016
2024-04-15 11:30:00,557.8,564.3,555.5,564.1,488.2389
2024-04-15 11:45:00,564.0,564.7,557.1,558.1,300.9988
2024-04-15 12:00:00,557.7,561.5,556.5,557.2,164.6492
2024-04-15 12:15:00,557.0,557.1,550.3,555.2,715.7298
2024-04-15 12:30:00,554.9,555.7,551.5,554.8,603.5137
2024-04-15 12:45:00,555.1,560.2,554.6,557.8,481.0067
2024-04-15 13:00:00,557.7,560.5,552.4,559.6,345.0408
2024-04-15 13:15:00,559.8,584.2,557.6,575.4,1026.933
2024-04-15 13:30:00,575.5,580.3,567.2,573.8,1485.7073
2024-04-15 13:45:00,573.8,574.0,567.0,568.8,616.0787
2024-04-15 14:00:00,568.3,571.0,560.9,567.7,608.4704
2024-04-15 14:15:00,567.4,572.8,566.9,567.9,481.8318
2024-04-15 14:30:00,567.5,569.7,564.1,565.1,418.8393
2024-04-15 14:45:00,565.1,570.4,563.8,567.4,250.4254
2024-04-15 15:00:00,567.4,573.5,565.2,571.2,764.2993
2024-04-15 15:15:00,571.2,574.3,567.0,568.1,431.3427
2024-04-15 15:30:00,568.1,571.2,566.8,566.8,254.3462
2024-04-15 15:45:00,566.8,567.8,560.4,563.3,579.1658
2024-04-15 16:00:00,563.0,563.1,556.2,560.6,471.7634
2024-04-15 16:15:00,560.2,565.4,558.9,562.6,375.5551
2024-04-15 16:30:00,562.3,564.8,560.1,564.5,537.8257
2024-04-15 16:45:00,564.5,565.2,560.9,562.8,254.7323
2024-04-15 17:00:00,563.0,568.3,562.0,567.2,473.4057
2024-04-15 17:15:00,567.6,572.5,564.6,570.8,507.932
2024-04-15 17:30:00,570.5,572.1,564.7,568.7,816.8828
2024-04-15 17:45:00,568.7,577.0,568.1,570.8,574.9052
2024-04-15 18:00:00,570.9,573.6,562.3,563.0,928.3824
2024-04-15 18:15:00,563.1,567.0,562.0,566.7,318.3698
2024-04-15 18:30:00,566.7,570.0,565.0,567.5,474.7183
2024-04-15 18:45:00,566.6,571.5,565.4,570.0,239.995
2024-04-15 19:00:00,570.1,570.3,563.0,565.9,485.7304
2024-04-15 19:15:00,566.2,567.0,558.7,561.5,623.4307
2024-04-15 19:30:00,560.9,562.9,558.9,560.7,267.6503
2024-04-15 19:45:00,560.1,563.8,559.3,559.7,115.2004
2024-04-15 20:00:00,559.8,567.0,555.5,565.4,780.6058
2024-04-15 20:15:00,564.9,568.2,560.5,562.0,587.2696
2024-04-15 20:30:00,562.6,563.7,553.8,560.1,716.9061
2024-04-15 20:45:00,559.8,564.9,552.3,554.2,808.8906
2024-04-15 21:00:00,553.9,557.4,547.0,547.2,991.9482
2024-04-15 21:15:00,547.2,557.6,547.1,552.6,769.4629
2024-04-15 21:30:00,552.7,556.3,546.5,549.4,690.9193
2024-04-15 21:45:00,548.8,549.5,541.3,543.6,1145.9118
2024-04-15 22:00:00,543.8,549.1,539.0,546.8,1001.7903
2024-04-15 22:15:00,546.8,554.4,543.3,552.2,1380.1721
2024-04-15 22:30:00,552.7,553.9,547.4,550.0,508.7412
2024-04-15 22:45:00,550.0,559.9,550.0,559.1,967.9014
2024-04-15 23:00:00,559.0,559.6,550.5,552.0,425.7196
2024-04-15 23:15:00,551.9,555.8,548.0,550.8,443.6891
2024-04-15 23:30:00,550.3,557.3,547.0,557.0,654.7405
2024-04-15 23:45:00,557.5,560.7,554.0,554.7,497.382
2024-04-16 00:00:00,554.8,560.5,554.7,555.7,508.819
2024-04-16 00:15:00,555.8,558.5,544.2,547.7,1206.1332
2024-04-16 00:30:00,547.9,550.5,540.7,541.7,622.5025
2024-04-16 00:45:00,541.9,547.1,539.7,546.6,525.1356
2024-04-16 01:00:00,546.5,548.4,541.8,542.7,233.5452
2024-04-16 01:15:00,542.2,542.2,521.3,526.1,2308.7924
2024-04-16 01:30:00,525.8,532.6,521.5,531.7,973.5024
2024-04-16 01:45:00,531.9,533.8,524.8,526.8,450.603
2024-04-16 02:00:00,526.9,536.8,519.0,536.0,1792.6585
2024-04-16 02:15:00,536.0,537.9,531.4,535.9,1370.1226
2024-04-16 02:30:00,536.0,542.1,534.6,539.1,464.3003
2024-04-16 02:45:00,538.9,541.8,537.5,539.0,377.6437
2024-04-16 03:00:00,538.4,540.4,535.3,536.8,387.9749
2024-04-16 03:15:00,536.5,537.5,528.1,532.8,499.6449
2024-04-16 03:30:00,532.3,537.0,530.4,535.8,991.0712
2024-04-16 03:45:00,535.9,535.9,527.2,528.6,289.9723
2024-04-16 04:00:00,528.8,530.8,519.0,526.5,1894.3628
2024-04-16 04:15:00,526.0,528.5,522.1,526.6,430.5186
2024-04-16 04:30:00,526.9,528.4,523.0,526.5,219.5284
2024-04-16 04:45:00,527.1,531.4,526.1,530.2,431.914
2024-04-16 05:00:00,530.4,531.1,523.8,524.0,617.1709
2024-04-16 05:15:00,524.1,530.9,524.1,530.9,279.8533
2024-04-16 05:30:00,530.8,537.2,530.8,535.2,481.4038
2024-04-16 05:45:00,535.2,537.0,531.8,535.2,288.5775
2024-04-16 06:00:00,534.0,534.9,531.3,533.3,203.8401
2024-04-16 06:15:00,532.9,534.3,525.6,526.6,566.8341
2024-04-16 06:30:00,525.8,528.3,522.7,528.2,777.3813
2024-04-16 06:45:00,528.2,528.2,524.0,524.9,305.2608
2024-04-16 07:00:00,524.8,532.4,523.3,532.0,238.5809
2024-04-16 07:15:00,531.9,532.1,521.8,524.8,191.177
2024-04-16 07:30:00,523.7,527.8,522.5,522.6,243.1002
2024-04-16 07:45:00,522.5,523.2,514.5,521.4,1322.3202
2024-04-16 08:00:00,521.2,525.0,516.8,522.8,405.4769
2024-04-16 08:15:00,523.2,529.0,521.9,526.3,651.0544
2024-04-16 08:30:00,526.4,531.0,524.0,527.6,682.3825
2024-04-16 08:45:00,526.7,527.4,519.4,522.3,368.06
2024-04-16 09:00:00,522.3,525.6,519.9,523.6,292.0751
2024-04-16 09:15:00,523.0,524.3,517.5,518.9,403.3934
2024-04-16 09:30:00,519.2,527.0,518.5,525.2,524.7627
2024-04-16 09:45:00,524.5,531.7,522.2,529.1,528.1277
2024-04-16 10:00:00,529.4,533.9,527.2,533.2,612.687
2024-04-16 10:15:00,533.0,535.2,529.7,531.2,418.1654
2024-04-16 10:30:00,530.8,531.9,521.5,522.7,366.9399
2024-04-16 10:45:00,522.3,524.9,519.6,521.8,485.7647
2024-04-16 11:00:00,522.3,523.4,507.6,509.6,1114.8071
2024-04-16 11:15:00,509.3,510.7,505.0,509.0,769.4906
2024-04-16 11:30:00,508.5,514.3,501.8,502.4,947.4092
2024-04-16 11:45:00,502.3,509.8,500.6,506.5,1093.052
2024-04-16 12:00:00,506.2,511.1,502.3,507.9,506.8391
2024-04-16 12:15:00,507.8,509.4,504.0,508.4,269.1983
2024-04-16 12:30:00,508.4,512.3,505.1,510.7,202.7623
2024-04-16 12:45:00,510.2,512.8,507.5,507.5,230.8847
2024-04-16 13:00:00,508.0,514.7,506.7,510.8,696.0843
2024-04-16 13:15:00,510.7,518.7,510.7,518.5,283.4079
2024-04-16 13:30:00,518.5,519.8,515.4,519.8,392.0768
2024-04-16 13:45:00,519.8,523.9,519.6,520.7,491.4582
2024-04-16 14:00:00,521.0,523.4,517.9,520.5,368.0675
2024-04-16 14:15:00,520.2,522.9,519.2,519.7,363.9709
2024-04-16 14:30:00,519.6,526.2,516.5,516.5,582.3857
2024-04-16 14:45:00,517.2,521.3,516.4,519.1,462.924
2024-04-16 15:00:00,519.2,520.8,513.1,513.3,424.3244
2024-04-16 15:15:00,513.3,515.2,511.4,512.2,290.7518
2024-04-16 15:30:00,512.5,516.4,511.8,512.6,183.3586
2024-04-16 15:45:00,512.4,515.0,509.7,511.5,291.5492
2024-04-16 16:00:00,511.6,514.8,506.7,508.2,787.1761
2024-04-16 16:15:00,508.4,510.3,502.7,506.4,578.5942
2024-04-16 16:30:00,506.6,508.2,503.2,503.2,674.5313
2024-04-16 16:45:00,503.2,505.1,496.3,499.1,1312.7169
2024-04-16 17:00:00,499.1,503.6,495.2,497.3,1137.6735
2024-04-16 17:15:00,497.4,498.3,482.1,483.6,2374.734
2024-04-16 17:30:00,483.5,492.1,479.9,488.7,1755.9038
2024-04-16 17:45:00,488.9,493.4,488.9,491.6,516.4035
2024-04-16 18:00:00,491.2,495.4,488.6,490.0,317.7539
2024-04-16 18:15:00,490.6,495.3,486.4,492.4,604.5935
2024-04-16 18:30:00,492.6,493.2,479.7,483.4,3671.3015
2024-04-16 18:45:00,483.5,485.4,478.8,480.7,2547.2897
2024-04-16 19:00:00,480.7,487.6,475.0,479.1,3253.2401
2024-04-16 19:15:00,479.2,481.3,459.7,464.4,8132.9286
2024-04-16 19:30:00,464.4,470.5,444.5,460.6,13483.9048
2024-04-16 19:45:00,460.6,464.8,459.4,462.2,1307.7431
2024-04-16 20:00:00,462.1,468.6,456.1,462.6,1733.4582
2024-04-16 20:15:00,462.7,466.4,458.7,464.6,998.979
2024-04-16 20:30:00,463.9,466.3,457.4,463.1,1621.4773
2024-04-16 20:45:00,463.7,473.1,460.4,469.4,2502.0984
2024-04-16 21:00:00,469.5,477.2,467.3,473.5,983.6045
2024-04-16 21:15:00,473.6,476.9,468.8,471.6,1449.8555
2024-04-16 21:30:00,471.5,471.9,466.0,470.0,464.5596
2024-04-16 21:45:00,470.1,471.7,467.6,468.2,489.8027
2024-04-16 22:00:00,468.3,471.2,463.0,464.5,369.56
2024-04-16 22:15:00,463.8,466.9,462.7,464.8,372.3954
2024-04-16 22:30:00,464.8,465.0,452.4,456.4,1144.5853
2024-04-16 22:45:00,456.5,460.5,454.0,457.0,1159.6652
2024-04-16 23:00:00,457.1,464.4,456.0,463.7,760.1415
2024-04-16 23:15:00,463.6,469.5,457.7,458.1,1122.4238
2024-04-16 23:30:00,458.4,467.5,458.0,467.0,676.2475
2024-04-16 23:45:00,467.0,471.8,464.6,470.5,945.833
2024-04-17 00:00:00,470.8,472.3,462.0,471.0,1362.3898
2024-04-17 00:15:00,470.9,484.9,469.6,481.0,2881.3179
2024-04-17 00:30:00,480.6,482.1,472.0,476.6,978.8353
2024-04-17 00:45:00,477.0,480.0,472.4,473.5,544.294
2024-04-17 01:00:00,473.3,478.7,470.2,475.4,404.0011
2024-04-17 01:15:00,475.7,476.6,471.2,474.9,344.0965
2024-04-17 01:30:00,474.9,478.6,473.8,476.3,310.1959
2024-04-17 01:45:00,476.0,482.6,474.6,482.4,426.654
2024-04-17 02:00:00,482.6,484.4,476.7,476.7,636.3288
2024-04-17 02:15:00,477.2,480.3,475.9,478.3,258.4827
2024-04-17 02:30:00,477.2,478.5,471.9,473.2,481.0871
2024-04-17 02:45:00,473.2,480.0,473.2,478.8,716.4775
2024-04-17 03:00:00,478.4,483.4,477.2,482.3,1234.2302
2024-04-17 03:15:00,482.2,486.9,481.3,484.1,356.7814
2024-04-17 03:30:00,484.1,486.7,483.0,486.0,328.1053
2024-04-17 03:45:00,486.1,488.3,483.6,485.4,422.5839
2024-04-17 04:00:00,485.9,490.0,483.7,489.4,427.1143
2024-04-17 04:15:00,489.5,496.2,488.0,493.2,699.8618
2024-04-17 04:30:00,493.0,498.9,492.1,497.0,543.9961
2024-04-17 04:45:00,497.4,504.9,497.0,500.0,752.3372
2024-04-17 05:00:00,500.0,500.0,494.0,496.6,652.7314
2024-04-17 05:15:00,495.6,496.5,490.8,494.8,373.4665
2024-04-17 05:30:00,494.8,497.7,492.6,494.2,283.3983
2024-04-17 05:45:00,494.6,495.4,491.7,495.3,236.5428
2024-04-17 06:00:00,495.2,497.1,492.4,495.8,575.2287
2024-04-17 06:15:00,495.6,504.2,494.7,501.4,419.8129
2024-04-17 06:30:00,501.3,504.6,499.6,504.1,356.4249
2024-04-17 06:45:00,503.8,503.8,499.3,500.8,402.8236
2024-04-17 07:00:00,500.9,500.9,494.6,495.2,454.3092
2024-04-17 07:15:00,494.8,498.4,493.6,496.0,314.8495
2024-04-17 07:30:00,496.0,500.8,493.5,500.8,262.5483
2024-04-17 07:45:00,501.0,508.2,499.5,503.7,736.0483
2024-04-17 08:00:00,503.7,505.9,497.6,502.3,294.6751
2024-04-17 08:15:00,501.9,508.0,499.1,507.6,231.5968
2024-04-17 08:30:00,507.7,508.7,503.0,506.9,203.8829
2024-04-17 08:45:00,506.9,511.9,501.2,501.7,490.756
2024-04-17 09:00:00,501.7,507.3,501.3,502.0,226.1247
2024-04-17 09:15:00,502.1,502.3,494.5,499.3,456.2121
2024-04-17 09:30:00,499.0,505.2,497.5,503.4,653.8426
2024-04-17 09:45:00,503.5,506.8,500.1,504.7,255.2511
2024-04-17 10:00:00,504.6,507.3,501.7,501.7,327.3154
2024-04-17 10:15:00,502.1,505.6,500.8,504.0,160.857
2024-04-17 10:30:00,504.7,505.7,499.1,499.7,581.0315
2024-04-17 10:45:00,499.6,502.6,496.6,502.4,255.7862
2024-04-17 11:00:00,502.5,502.5,495.5,497.1,255.3801
2024-04-17 11:15:00,497.1,499.2,494.7,498.0,143.434
2024-04-17 11:30:00,498.3,506.6,498.3,504.6,239.7161
2024-04-17 11:45:00,504.5,509.5,503.1,505.4,904.7563
2024-04-17 12:00:00,505.6,509.2,503.1,503.3,283.9236
2024-04-17 12:15:00,503.3,505.7,498.2,502.0,410.7636
2024-04-17 12:30:00,501.4,502.6,498.2,498.2,294.4221
2024-04-17 12:45:00,498.2,498.2,493.8,495.4,445.5481
2024-04-17 13:00:00,495.2,498.4,491.2,495.1,264.9741
2024-04-17 13:15:00,495.1,495.3,491.1,493.5,241.2276
2024-04-17 13:30:00,493.0,499.0,492.9,497.0,144.1052
2024-04-17 13:45:00,496.7,498.4,495.2,497.0,72.8522
2024-04-17 14:00:00,496.1,498.7,486.3,489.6,1153.7239
2024-04-17 14:15:00,489.9,500.9,487.3,497.3,749.9
2024-04-17 14:30:00,497.0,498.0,492.9,494.4,176.4889
2024-04-17 14:45:00,494.4,495.6,490.8,492.8,255.7996
2024-04-17 15:00:00,492.8,496.4,492.3,494.2,168.3971
2024-04-17 15:15:00,493.9,495.4,492.4,494.0,254.411
2024-04-17 15:30:00,494.3,494.6,486.5,487.7,292.9964
2024-04-17 15:45:00,487.6,489.9,482.0,489.6,686.3319
2024-04-17 16:00:00,489.3,492.0,486.8,489.7,198.5877
2024-04-17 16:15:00,489.7,491.8,487.8,491.2,208.1756
2024-04-17 16:30:00,491.4,491.8,487.0,488.4,92.6662
2024-04-17 16:45:00,488.6,489.9,486.1,487.1,141.4027
2024-04-17 17:00:00,488.0,488.2,477.0,484.9,970.6618
2024-04-17 17:15:00,484.4,487.4,484.3,486.1,223.6129
2024-04-17 17:30:00,486.0,488.0,477.0,481.6,896.1219
2024-04-17 17:45:00,481.6,482.4,478.3,482.0,207.0139
2024-04-17 18:00:00,482.0,482.0,478.7,480.4,187.8426
2024-04-17 18:15:00,480.5,482.6,478.6,480.7,409.09
2024-04-17 18:30:00,480.6,480.9,458.9,465.5,6194.0234
2024-04-17 18:45:00,465.5,467.5,458.9,462.3,2562.2613
2024-04-17 19:00:00,462.2,467.7,460.7,460.8,849.5075
2024-04-17 19:15:00,460.9,466.4,460.9,464.0,463.8381
2024-04-17 19:30:00,463.0,467.7,462.0,466.3,666.7338
2024-04-17 19:45:00,465.8,470.2,463.1,465.6,572.8113
2024-04-17 20:00:00,465.5,467.5,455.4,459.8,1299.684
2024-04-17 20:15:00,460.1,461.9,456.4,459.6,567.6065
2024-04-17 20:30:00,459.4,465.0,455.0,462.3,566.0081
2024-04-17 20:45:00,462.3,464.5,458.2,459.7,603.2752
2024-04-17 21:00:00,459.7,459.8,452.2,453.9,791.2155
2024-04-17 21:15:00,453.9,458.2,445.4,451.0,1683.5543
2024-04-17 21:30:00,450.9,456.0,444.0,455.7,1724.462
2024-04-17 21:45:00,455.3,467.0,453.3,457.3,2489.791
2024-04-17 22:00:00,457.7,459.8,449.8,451.6,1466.7755
2024-04-17 22:15:00,450.9,454.6,445.1,445.1,955.0755
2024-04-17 22:30:00,445.1,446.8,436.3,445.4,1768.1778
2024-04-17 22:45:00,445.4,450.0,442.6,445.0,672.9689
2024-04-17 23:00:00,445.2,457.1,439.7,453.8,899.2404
2024-04-17 23:15:00,454.1,456.8,445.5,448.5,458.3759
2024-04-17 23:30:00,448.6,448.8,444.7,446.6,317.0419
2024-04-17 23:45:00,445.8,448.9,443.2,446.4,436.949
2024-04-18 00:00:00,445.6,449.0,444.8,446.0,313.4892
2024-04-18 00:15:00,446.5,455.9,446.2,454.3,1311.073
2024-04-18 00:30:00,454.3,456.3,452.0,454.2,457.9272
2024-04-18 00:45:00,454.1,462.6,453.8,461.1,925.5057
2024-04-18 01:00:00,461.0,478.0,459.0,471.9,1841.4323
2024-04-18 01:15:00,471.5,481.6,465.4,474.1,1849.2049
2024-04-18 01:30:00,474.5,475.2,467.8,471.6,996.707
2024-04-18 01:45:00,472.1,472.6,462.6,464.4,839.7354
2024-04-18 02:00:00,464.7,465.2,457.5,458.0,988.6537
2024-04-18 02:15:00,457.6,460.0,451.9,456.0,893.5962
2024-04-18 02:30:00,456.0,460.6,452.9,456.1,471.0065
2024-04-18 02:45:00,456.0,462.7,455.5,458.1,284.0065
2024-04-18 03:00:00,458.7,463.0,451.7,455.1,879.0032
2024-04-18 03:15:00,454.9,460.2,453.4,457.9,671.533
2024-04-18 03:30:00,457.8,458.0,454.2,456.3,261.5547
2024-04-18 03:45:00,455.9,456.9,448.3,449.9,709.4262
2024-04-18 04:00:00,450.9,457.8,449.8,456.4,236.7753
2024-04-18 04:15:00,456.4,460.2,454.2,454.3,464.7092
2024-04-18 04:30:00,454.6,457.3,451.9,452.3,104.2388
2024-04-18 04:45:00,452.2,454.2,451.2,452.7,139.0623
2024-04-18 05:00:00,452.7,455.1,450.0,451.2,290.2215
2024-04-18 05:15:00,451.1,455.0,449.7,454.5,212.1909
2024-04-18 05:30:00,454.3,456.0,452.4,454.2,179.1713
2024-04-18 05:45:00,453.9,457.4,451.8,455.3,190.6849
2024-04-18 06:00:00,455.3,457.4,453.5,454.2,108.9429
2024-04-18 06:15:00,454.5,454.5,449.2,451.1,343.9766
2024-04-18 06:30:00,451.0,455.7,450.0,454.4,264.0652
2024-04-18 06:45:00,453.8,456.4,453.8,455.0,357.7298
2024-04-18 07:00:00,455.0,458.9,448.9,449.3,404.4798
2024-04-18 07:15:00,448.9,451.4,446.3,448.9,481.3244
2024-04-18 07:30:00,449.5,457.4,447.0,453.4,504.2166
2024-04-18 07:45:00,453.2,460.3,452.3,458.5,375.4216
2024-04-18 08:00:00,459.6,466.1,458.1,465.1,395.9925
2024-04-18 08:15:00,465.5,465.8,460.4,462.4,345.6948
2024-04-18 08:30:00,462.5,462.5,457.8,459.3,130.18
2024-04-18 08:45:00,459.1,462.7,458.2,462.0,83.5034
2024-04-18 09:00:00,462.0,463.7,458.3,458.3,231.3759
2024-04-18 09:15:00,458.3,458.3,454.5,454.6,117.521
2024-04-18 09:30:00,454.6,458.5,451.6,456.4,273.6857
2024-04-18 09:45:00,456.1,459.6,454.9,458.1,240.0556
2024-04-18 10:00:00,458.3,464.4,457.9,463.8,349.2029
2024-04-18 10:15:00,463.5,463.9,459.6,460.4,161.055
2024-04-18 10:30:00,460.0,462.3,455.1,458.6,343.6699
2024-04-18 10:45:00,458.2,461.0,457.2,458.9,150.6613
2024-04-18 11:00:00,458.6,468.0,457.6,460.5,455.7592
2024-04-18 11:15:00,460.2,462.9,458.5,461.6,170.0285
2024-04-18 11:30:00,461.1,463.0,457.5,458.2,104.4794
2024-04-18 11:45:00,457.8,461.6,454.9,456.1,403.9518
2024-04-18 12:00:00,456.6,461.7,455.6,456.7,503.033
2024-04-18 12:15:00,456.2,457.9,454.7,456.5,233.5519
2024-04-18 12:30:00,456.2,459.3,452.9,453.4,66.0176
2024-04-18 12:45:00,453.0,455.4,447.8,448.8,254.2474
2024-04-18 13:00:00,448.6,451.4,445.2,446.1,248.8787
2024-04-18 13:15:00,446.1,446.7,442.0,442.6,351.4269
2024-04-18 13:30:00,442.4,442.6,437.8,440.0,621.3053
2024-04-18 13:45:00,440.0,444.6,439.6,442.4,282.4979
2024-04-18 14:00:00,442.4,446.2,442.2,444.3,249.1334
2024-04-18 14:15:00,444.7,446.2,441.9,442.8,201.1623
2024-04-18 14:30:00,442.6,443.0,438.3,441.8,310.531
2024-04-18 14:45:00,441.5,444.1,440.8,444.0,153.3916
2024-04-18 15:00:00,443.7,447.1,440.2,440.4,252.5425
2024-04-18 15:15:00,440.0,444.8,438.7,444.8,321.3954
2024-04-18 15:30:00,444.8,449.9,444.6,447.8,187.1156
2024-04-18 15:45:00,447.5,449.2,445.8,447.6,142.9566
2024-04-18 16:00:00,447.9,449.6,445.8,448.6,285.2751
2024-04-18 16:15:00,448.0,448.3,444.4,444.8,189.4877
2024-04-18 16:30:00,445.1,445.3,435.8,436.7,860.0036
2024-04-18 16:45:00,436.7,441.6,436.2,440.9,248.0283
2024-04-18 17:00:00,440.3,441.0,435.8,436.6,375.1231
2024-04-18 17:15:00,436.4,437.7,434.6,436.5,404.3937
2024-04-18 17:30:00,436.5,450.0,435.3,443.7,3913.2542
2024-04-18 17:45:00,443.7,446.7,441.9,445.5,365.205
2024-04-18 18:00:00,445.9,455.1,445.5,452.6,1632.2147
2024-04-18 18:15:00,452.5,463.6,452.2,460.2,863.9983
2024-04-18 18:30:00,459.9,466.3,456.1,458.2,617.1782
2024-04-18 18:45:00,458.3,467.4,456.3,456.9,1936.652
2024-04-18 19:00:00,457.0,458.5,451.6,454.5,285.6927
2024-04-18 19:15:00,454.7,455.9,452.2,452.3,98.9456
2024-04-18 19:30:00,452.3,454.8,446.1,454.4,260.2122
2024-04-18 19:45:00,453.6,454.6,450.8,453.2,186.2996
2024-04-18 20:00:00,452.8,456.4,451.3,455.9,253.5382
2024-04-18 20:15:00,455.8,466.0,455.4,462.0,581.9162
2024-04-18 20:30:00,461.7,464.4,455.8,459.4,249.7812
2024-04-18 20:45:00,459.3,464.3,459.3,464.1,206.5066
2024-04-18 21:00:00,464.2,471.1,461.1,470.4,677.4721
2024-04-18 21:15:00,470.5,471.4,467.4,469.8,375.1716
2024-04-18 21:30:00,470.0,474.7,468.1,472.0,780.08
2024-04-18 21:45:00,472.1,472.5,467.6,470.8,504.1649
2024-04-18 22:00:00,471.1,475.0,469.2,473.8,540.1396
2024-04-18 22:15:00,473.8,474.4,466.2,466.5,392.7905
2024-04-18 22:30:00,466.5,469.2,465.1,469.2,185.8308
2024-04-18 22:45:00,469.2,469.2,465.5,467.9,165.3292
2024-04-18 23:00:00,467.8,469.7,465.9,467.2,502.0013
2024-04-18 23:15:00,466.9,471.6,465.0,471.2,285.1798
2024-04-18 23:30:00,471.1,471.4,467.0,468.3,331.8435
2024-04-18 23:45:00,468.3,469.7,466.2,468.2,194.4571
2024-04-19 00:00:00,468.2,468.2,464.2,465.2,242.5742
2024-04-19 00:15:00,465.5,466.2,459.0,462.5,617.4394
2024-04-19 00:30:00,462.6,463.6,460.0,462.0,195.3078
2024-04-19 00:45:00,461.8,463.2,457.0,459.0,288.1942
2024-04-19 01:00:00,458.5,462.4,455.5,456.4,228.1961
2024-04-19 01:15:00,456.2,461.6,455.0,459.3,251.616
2024-04-19 01:30:00,459.6,463.6,458.4,463.0,165.5639
2024-04-19 01:45:00,463.9,464.0,460.6,462.4,118.8837
2024-04-19 02:00:00,461.9,466.5,461.4,464.7,245.6338
2024-04-19 02:15:00,464.5,468.6,464.3,467.4,99.7875
2024-04-19 02:30:00,467.4,472.9,466.7,467.5,605.6039
2024-04-19 02:45:00,467.6,471.7,467.3,470.9,184.8949
2024-04-19 03:00:00,471.3,471.4,467.6,470.7,214.9644
2024-04-19 03:15:00,471.2,471.4,467.3,469.2,116.8648
2024-04-19 03:30:00,469.0,469.2,464.8,466.3,134.8683
2024-04-19 03:45:00,466.4,468.3,465.3,467.7,71.146
2024-04-19 04:00:00,467.7,470.1,466.7,470.1,274.4379
2024-04-19 04:15:00,469.8,470.3,465.0,466.9,217.2666
2024-04-19 04:30:00,467.0,467.4,464.1,465.2,165.9634
2024-04-19 04:45:00,465.8,466.5,465.0,465.0,53.2694
2024-04-19 05:00:00,464.9,466.3,464.1,464.5,77.3393
2024-04-19 05:15:00,464.4,465.6,461.2,465.2,90.784
2024-04-19 05:30:00,464.5,469.7,464.5,469.0,48.1088
2024-04-19 05:45:00,469.0,469.1,466.5,468.1,49.1179
2024-04-19 06:00:00,468.1,470.3,466.4,470.2,89.9042
2024-04-19 06:15:00,470.5,470.5,465.3,467.7,88.7746
2024-04-19 06:30:00,467.9,468.1,466.6,467.0,44.814
2024-04-19 06:45:00,467.0,467.2,464.4,466.2,124.3552
2024-04-19 07:00:00,466.6,466.6,458.7,462.1,457.8569
2024-04-19 07:15:00,461.8,465.5,461.4,462.2,116.9151
2024-04-19 07:30:00,462.0,466.9,461.9,463.9,113.5925
2024-04-19 07:45:00,463.8,466.5,461.1,461.4,105.7838
2024-04-19 08:00:00,461.4,461.7,455.3,456.0,439.6657
2024-04-19 08:15:00,455.8,457.2,450.3,450.7,479.8433
2024-04-19 08:30:00,451.0,453.3,440.4,441.6,555.1388
2024-04-19 08:45:00,441.3,447.1,439.4,441.9,513.0588
2024-04-19 09:00:00,441.6,443.7,435.3,436.5,637.6395
2024-04-19 09:15:00,436.3,437.0,428.0,428.4,1139.7435
2024-04-19 09:30:00,428.2,433.9,427.0,431.2,636.3321
2024-04-19 09:45:00,431.1,439.1,426.3,438.3,655.3926
2024-04-19 10:00:00,437.8,447.9,436.9,447.7,405.3006
2024-04-19 10:15:00,446.8,450.1,443.3,448.8,292.6628
2024-04-19 10:30:00,449.0,450.0,446.9,449.4,494.622
2024-04-19 10:45:00,449.4,451.0,446.6,448.3,394.4638
2024-04-19 11:00:00,448.0,454.0,447.8,450.7,272.7613
2024-04-19 11:15:00,451.1,453.5,449.6,451.6,197.0881
2024-04-19 11:30:00,451.6,457.3,451.0,453.3,310.0064
2024-04-19 11:45:00,452.7,453.9,449.7,450.4,156.789
2024-04-19 12:00:00,450.6,453.2,448.1,449.2,83.8178
2024-04-19 12:15:00,449.2,450.9,445.9,445.9,137.0673
2024-04-19 12:30:00,445.8,449.9,444.5,449.8,139.9932
2024-04-19 12:45:00,449.4,452.4,445.7,446.7,191.336
2024-04-19 13:00:00,446.9,449.3,446.2,448.4,241.1613
2024-04-19 13:15:00,448.1,449.9,447.1,449.1,188.5275
2024-04-19 13:30:00,449.5,459.7,449.5,458.8,330.8979
2024-04-19 13:45:00,458.7,469.1,457.7,466.7,947.5071
2024-04-19 14:00:00,466.8,472.0,463.0,464.0,783.2423
2024-04-19 14:15:00,463.6,468.9,461.3,463.2,974.5938
2024-04-19 14:30:00,463.2,466.7,461.8,464.3,267.4836
2024-04-19 14:45:00,464.2,467.2,462.0,464.0,277.8897
2024-04-19 15:00:00,464.1,470.0,463.2,467.3,217.3031
2024-04-19 15:15:00,467.7,470.9,460.6,464.8,550.6862
2024-04-19 15:30:00,464.8,465.1,459.3,462.0,681.0497
2024-04-19 15:45:00,462.0,467.3,462.0,466.3,279.0774
2024-04-19 16:00:00,466.3,468.8,462.7,463.8,343.4702
2024-04-19 16:15:00,463.6,468.6,461.4,463.9,486.7878
2024-04-19 16:30:00,463.6,467.2,462.0,465.5,344.6141
2024-04-19 16:45:00,465.7,468.2,463.3,468.1,458.1549
2024-04-19 17:00:00,468.1,473.0,465.0,467.1,507.753
2024-04-19 17:15:00,467.0,468.4,462.7,468.2,985.4569
2024-04-19 17:30:00,468.0,468.2,464.3,465.0,147.8102
2024-04-19 17:45:00,465.4,468.7,463.9,467.2,117.2354
2024-04-19 18:00:00,467.8,471.9,467.4,471.2,185.4457
2024-04-19 18:15:00,470.8,472.9,468.7,469.3,281.3571
2024-04-19 18:30:00,469.9,476.9,469.2,476.9,334.5741
2024-04-19 18:45:00,476.5,476.5,469.6,471.9,331.8318
2024-04-19 19:00:00,471.9,472.2,466.8,469.8,199.5488
2024-04-19 19:15:00,470.1,473.5,470.1,473.5,165.9064
2024-04-19 19:30:00,474.0,475.2,471.6,472.3,347.9309
2024-04-19 19:45:00,472.6,474.0,466.4,467.6,188.3617
2024-04-19 20:00:00,468.0,468.1,460.6,463.2,340.0032
2024-04-19 20:15:00,463.3,466.1,460.5,465.9,374.0541
2024-04-19 20:30:00,465.9,474.0,465.6,472.4,448.4771
2024-04-19 20:45:00,472.1,475.0,469.7,471.0,430.279
2024-04-19 21:00:00,471.0,475.0,468.0,468.0,707.4708
2024-04-19 21:15:00,468.5,470.4,462.0,463.9,927.155
2024-04-19 21:30:00,464.0,471.6,463.6,468.0,1085.251
2024-04-19 21:45:00,468.3,477.5,466.4,468.0,1559.6754
2024-04-19 22:00:00,467.5,469.2,465.8,468.2,295.9363
2024-04-19 22:15:00,468.2,476.0,465.8,469.9,1235.0972
2024-04-19 22:30:00,470.1,471.6,468.3,470.7,150.9567
2024-04-19 22:45:00,470.6,472.0,468.8,469.5,124.6734
2024-04-19 23:00:00,469.7,469.9,462.3,464.1,213.5585
2024-04-19 23:15:00,464.3,465.0,452.7,458.6,1791.0913
2024-04-19 23:30:00,458.9,463.5,458.4,460.7,293.8872
2024-04-19 23:45:00,460.8,464.2,460.0,461.4,398.6007
2024-04-20 00:00:00,462.0,463.9,460.0,462.9,132.5594
2024-04-20 00:15:00,463.1,463.3,460.0,461.0,129.3848
2024-04-20 00:30:00,460.5,463.4,459.4,461.7,184.6602
2024-04-20 00:45:00,461.5,465.2,460.7,463.7,110.7605
2024-04-20 01:00:00,463.4,463.5,460.0,460.2,128.5047
2024-04-20 01:15:00,460.3,461.3,457.9,458.0,146.4849
2024-04-20 01:30:00,458.2,460.4,456.2,456.9,164.9948
2024-04-20 01:45:00,456.8,458.5,455.6,456.4,170.5404
2024-04-20 02:00:00,456.6,459.3,455.7,458.2,172.4997
2024-04-20 02:15:00,458.7,459.9,457.6,459.2,199.7645
2024-04-20 02:30:00,459.6,460.8,456.5,456.9,127.0668
2024-04-20 02:45:00,456.9,459.9,456.9,459.1,109.3796
2024-04-20 03:00:00,459.6,459.7,455.3,455.4,173.2036
2024-04-20 03:15:00,455.4,456.8,452.7,453.7,145.3216
2024-04-20 03:30:00,454.1,454.3,447.7,447.8,374.0409
2024-04-20 03:45:00,448.4,450.6,446.0,450.3,317.5408
2024-04-20 04:00:00,450.9,452.6,449.9,451.2,111.9919
2024-04-20 04:15:00,451.2,455.8,449.7,454.6,438.5056
2024-04-20 04:30:00,454.8,456.0,451.9,452.2,374.7115
2024-04-20 04:45:00,452.2,452.3,442.0,447.4,3792.8825
2024-04-20 05:00:00,447.6,448.6,439.4,442.0,3462.3333
2024-04-20 05:15:00,441.8,444.4,440.1,442.9,407.5156
2024-04-20 05:30:00,443.0,444.2,437.0,440.6,610.7963
2024-04-20 05:45:00,440.2,440.2,436.7,437.2,305.6865
2024-04-20 06:00:00,437.2,437.2,428.2,432.6,1047.2733
2024-04-20 06:15:00,432.3,434.9,432.0,434.3,420.2781
2024-04-20 06:30:00,434.2,440.5,434.2,439.8,474.567
2024-04-20 06:45:00,440.0,443.9,440.0,442.0,484.995
2024-04-20 07:00:00,441.8,441.8,437.9,439.0,447.4879
2024-04-20 07:15:00,439.1,442.8,434.7,440.5,422.652
2024-04-20 07:30:00,440.3,441.2,436.5,437.8,333.7169
2024-04-20 07:45:00,437.6,439.3,435.0,436.1,102.9832
2024-04-20 08:00:00,436.0,439.5,433.4,438.2,217.7718
2024-04-20 08:15:00,438.1,439.5,435.0,436.9,272.4082
2024-04-20 08:30:00,436.9,438.6,433.9,435.5,405.9827
2024-04-20 08:45:00,435.5,440.5,434.9,439.1,247.4314
2024-04-20 09:00:00,439.4,442.5,438.6,441.1,255.9184
2024-04-20 09:15:00,441.5,448.2,440.1,447.9,546.9049
2024-04-20 09:30:00,447.8,447.9,443.7,446.7,364.2711
2024-04-20 09:45:00,446.8,448.2,444.8,445.0,261.0043
2024-04-20 10:00:00,445.1,445.9,440.7,441.7,178.2009
2024-04-20 10:15:00,441.9,444.0,441.3,442.7,194.4844
2024-04-20 10:30:00,442.6,443.4,439.6,443.3,223.0284
2024-04-20 10:45:00,443.3,443.5,441.7,443.2,37.3055
2024-04-20 11:00:00,443.2,444.9,442.5,443.4,90.9752
2024-04-20 11:15:00,443.2,444.8,442.5,444.6,137.7683
2024-04-20 11:30:00,443.8,448.0,442.8,448.0,98.3473
2024-04-20 11:45:00,448.0,448.0,445.6,446.3,138.1052
2024-04-20 12:00:00,446.5,446.9,444.5,445.4,203.1351
2024-04-20 12:15:00,445.4,445.7,443.3,445.2,105.5103
2024-04-20 12:30:00,445.1,448.3,444.5,447.4,218.5046
2024-04-20 12:45:00,447.3,448.4,446.1,446.9,199.9538
2024-04-20 13:00:00,447.0,447.4,444.7,446.7,434.9737
2024-04-20 13:15:00,446.7,449.9,444.5,449.8,409.7492
2024-04-20 13:30:00,449.7,454.9,449.0,452.0,481.1
2024-04-20 13:45:00,452.5,452.7,450.5,452.2,172.4386
2024-04-20 14:00:00,452.2,455.0,451.6,451.7,194.2684
2024-04-20 14:15:00,451.3,453.9,450.0,451.1,460.1105
2024-04-20 14:30:00,451.1,453.3,450.0,452.2,526.5897
2024-04-20 14:45:00,452.3,453.5,451.9,452.0,112.5711
2024-04-20 15:00:00,451.9,453.0,446.3,448.5,262.3598
2024-04-20 15:15:00,448.2,449.4,446.4,449.1,240.8828
2024-04-20 15:30:00,449.0,449.5,447.0,448.2,204.7292
2024-04-20 15:45:00,448.3,448.3,443.3,445.4,506.542
2024-04-20 16:00:00,445.3,445.9,441.0,442.4,253.1963
2024-04-20 16:15:00,442.6,443.7,438.5,438.8,596.0396
2024-04-20 16:30:00,438.7,441.4,438.7,440.1,312.9447
2024-04-20 16:45:00,440.2,440.9,436.2,440.6,334.2987
2024-04-20 17:00:00,440.6,442.0,439.1,439.9,283.8915
2024-04-20 17:15:00,439.8,440.4,437.6,438.0,119.74
2024-04-20 17:30:00,437.9,438.8,437.7,438.7,157.8209
2024-04-20 17:45:00,438.8,441.1,438.0,439.0,205.6163
2024-04-20 18:00:00,438.9,443.2,438.1,442.0,148.6799
2024-04-20 18:15:00,441.8,442.8,439.5,439.8,199.3105
2024-04-20 18:30:00,439.9,442.9,439.3,440.0,206.906
2024-04-20 18:45:00,440.4,442.1,439.6,440.8,77.2612
2024-04-20 19:00:00,440.8,441.5,439.6,441.0,77.1581
2024-04-20 19:15:00,441.2,441.2,438.3,439.2,213.18
2024-04-20 19:30:00,439.5,445.0,439.5,443.5,187.7221
2024-04-20 19:45:00,443.2,445.3,442.4,442.7,163.9119
2024-04-20 20:00:00,442.6,445.4,442.6,443.3,148.2798
2024-04-20 20:15:00,443.3,444.7,442.7,444.7,130.0324
2024-04-20 20:30:00,444.3,446.9,443.5,446.2,184.6053
2024-04-20 20:45:00,445.9,446.0,443.9,444.9,118.452
2024-04-20 21:00:00,445.1,445.8,443.5,444.0,84.7225
2024-04-20 21:15:00,444.0,445.6,442.2,443.1,209.0484
2024-04-20 21:30:00,443.1,445.2,441.2,444.5,162.3969
2024-04-20 21:45:00,444.7,447.0,443.0,443.9,356.8857
2024-04-20 22:00:00,444.0,444.5,440.2,441.3,200.4455
2024-04-20 22:15:00,441.5,445.0,441.5,444.8,183.6724
2024-04-20 22:30:00,444.6,449.1,443.5,448.8,294.1651
2024-04-20 22:45:00,448.6,459.1,448.4,458.5,1788.6672
2024-04-20 23:00:00,458.5,458.6,452.9,457.6,912.6434
2024-04-20 23:15:00,457.6,460.0,456.7,458.0,524.0112
2024-04-20 23:30:00,458.5,460.6,454.8,460.0,420.5509
2024-04-20 23:45:00,460.3,460.5,457.3,459.7,278.1022
2024-04-21 00:00:00,459.8,464.2,459.7,463.6,543.2731
2024-04-21 00:15:00,463.5,475.2,463.4,474.2,2627.1832
2024-04-21 00:30:00,473.9,476.6,472.8,475.9,651.5561
2024-04-21 00:45:00,475.9,480.8,475.9,479.1,894.3049
2024-04-21 01:00:00,479.1,480.9,468.4,473.5,863.0605
2024-04-21 01:15:00,473.3,473.6,469.1,472.5,460.5488
2024-04-21 01:30:00,472.6,476.1,471.8,473.2,323.8344
2024-04-21 01:45:00,473.0,479.5,472.0,476.2,738.2534
2024-04-21 02:00:00,476.1,477.3,471.7,472.2,904.5397
2024-04-21 02:15:00,472.2,478.8,472.1,476.2,584.6426
2024-04-21 02:30:00,476.8,485.8,476.6,483.3,508.4627
2024-04-21 02:45:00,483.3,485.0,481.5,482.8,226.8593
2024-04-21 03:00:00,482.6,493.1,482.6,490.0,554.4693
2024-04-21 03:15:00,490.0,490.6,480.4,483.0,534.0922
2024-04-21 03:30:00,483.1,491.8,483.0,488.3,534.486
2024-04-21 03:45:00,488.2,489.4,485.8,487.0,273.409
2024-04-21 04:00:00,486.8,490.0,486.5,489.8,100.247
2024-04-21 04:15:00,490.0,492.0,486.0,488.7,216.2497
2024-04-21 04:30:00,488.6,489.7,485.0,487.9,241.1196
2024-04-21 04:45:00,488.6,490.5,487.1,487.5,203.5294
2024-04-21 05:00:00,487.5,491.4,484.5,486.2,150.4586
2024-04-21 05:15:00,486.0,489.0,485.8,487.4,215.4961
2024-04-21 05:30:00,487.3,488.1,484.4,485.7,91.7444
2024-04-21 05:45:00,485.8,486.5,481.4,481.4,179.4379
2024-04-21 06:00:00,481.8,486.1,481.8,485.5,140.1896
2024-04-21 06:15:00,485.5,491.0,485.5,490.9,175.7105
2024-04-21 06:30:00,491.2,491.7,483.9,484.1,351.9873
2024-04-21 06:45:00,484.2,486.0,484.1,485.1,312.3951
2024-04-21 07:00:00,485.2,485.2,477.7,478.8,377.3596
2024-04-21 07:15:00,479.3,480.2,475.7,477.2,169.0945
2024-04-21 07:30:00,477.2,477.7,473.6,474.0,138.5394
2024-04-21 07:45:00,474.3,478.2,473.6,477.0,91.2898
2024-04-21 08:00:00,476.7,483.9,476.7,479.7,217.859
2024-04-21 08:15:00,479.7,482.8,479.5,482.4,293.8824
2024-04-21 08:30:00,482.6,482.8,475.0,475.0,323.5502
2024-04-21 08:45:00,475.5,477.8,472.7,476.5,408.9824
2024-04-21 09:00:00,476.1,476.9,472.8,474.6,569.5409
2024-04-21 09:15:00,474.6,479.7,473.0,478.5,344.9999
2024-04-21 09:30:00,478.4,481.8,477.0,477.2,313.2699
2024-04-21 09:45:00,477.0,482.6,477.0,479.7,478.3596
2024-04-21 10:00:00,479.9,489.7,479.3,485.7,537.0427
2024-04-21 10:15:00,485.6,485.6,476.7,476.7,147.2532
2024-04-21 10:30:00,476.3,481.3,476.0,478.6,194.016
2024-04-21 10:45:00,478.7,480.7,476.8,477.2,86.448
2024-04-21 11:00:00,477.1,478.7,474.2,475.7,118.8285
2024-04-21 11:15:00,476.0,479.1,474.7,477.7,140.7212
2024-04-21 11:30:00,477.6,482.9,477.3,481.6,155.122
2024-04-21 11:45:00,481.6,482.7,480.3,482.6,45.9679
2024-04-21 12:00:00,483.0,486.1,480.5,484.0,129.0515
2024-04-21 12:15:00,484.1,484.1,480.0,480.3,120.774
2024-04-21 12:30:00,480.2,482.1,478.7,479.8,117.2172
2024-04-21 12:45:00,479.5,481.1,478.1,479.0,81.9166
2024-04-21 13:00:00,479.8,479.8,468.1,477.3,1009.6804
2024-04-21 13:15:00,477.3,481.2,476.3,481.2,131.3822
2024-04-21 13:30:00,481.3,481.3,479.5,479.7,125.2234
2024-04-21 13:45:00,479.5,479.5,477.7,478.2,37.5214
2024-04-21 14:00:00,478.2,479.0,477.9,478.0,231.9322
2024-04-21 14:15:00,477.9,478.5,474.4,475.9,146.799
2024-04-21 14:30:00,476.1,478.4,473.7,477.4,118.6907
2024-04-21 14:45:00,477.4,479.2,476.0,477.8,224.819
2024-04-21 15:00:00,478.1,479.2,477.0,477.1,304.5843
2024-04-21 15:15:00,477.0,477.9,474.1,475.6,127.1075
2024-04-21 15:30:00,475.6,477.8,474.6,475.8,96.5281
2024-04-21 15:45:00,476.2,476.3,473.4,473.9,189.6491
2024-04-21 16:00:00,474.0,476.8,471.0,475.1,270.6201
2024-04-21 16:15:00,474.8,475.4,473.5,474.1,201.3795
2024-04-21 16:30:00,474.2,474.3,471.7,472.0,124.8808
2024-04-21 16:45:00,471.9,473.9,471.4,472.8,70.0837
2024-04-21 17:00:00,472.8,473.8,469.8,472.2,130.4183
2024-04-21 17:15:00,472.2,472.9,470.8,472.1,145.8931
2024-04-21 17:30:00,471.7,475.0,471.3,474.5,92.7374
2024-04-21 17:45:00,474.5,476.0,474.3,475.2,162.1284
2024-04-21 18:00:00,475.2,479.5,475.0,478.6,178.1814
2024-04-21 18:15:00,478.1,481.9,476.3,476.5,302.7837
2024-04-21 18:30:00,476.4,477.4,473.0,476.8,332.5133
2024-04-21 18:45:00,476.2,478.0,475.0,475.4,129.2373
2024-04-21 19:00:00,475.4,477.0,474.3,476.2,101.3188
2024-04-21 19:15:00,476.2,476.3,471.1,472.3,187.9147
2024-04-21 19:30:00,472.2,474.3,471.8,473.7,106.5363
2024-04-21 19:45:00,473.7,474.0,467.3,469.8,365.0788
2024-04-21 20:00:00,469.4,470.1,465.5,469.0,295.2599
2024-04-21 20:15:00,468.8,471.6,468.0,470.4,184.1752
2024-04-21 20:30:00,470.2,470.4,463.4,466.4,334.1968
2024-04-21 20:45:00,466.3,466.5,460.7,461.4,378.1561
2024-04-21 21:00:00,461.4,467.0,461.2,465.0,333.4742
2024-04-21 21:15:00,465.5,465.6,462.6,463.9,126.2809
2024-04-21 21:30:00,464.3,465.6,463.4,464.5,178.4588
2024-04-21 21:45:00,464.4,464.6,459.6,462.2,408.0041
2024-04-21 22:00:00,462.1,466.4,462.0,465.7,309.5031
2024-04-21 22:15:00,465.6,470.4,465.3,465.7,341.5762
2024-04-21 22:30:00,466.1,468.6,463.2,468.3,339.1758
2024-04-21 22:45:00,468.0,468.9,467.1,468.5,136.8838
2024-04-21 23:00:00,468.4,468.9,462.1,465.8,353.7313
2024-04-21 23:15:00,466.0,468.4,465.1,465.6,293.9966
2024-04-21 23:30:00,465.8,466.3,457.2,459.4,555.0488
2024-04-21 23:45:00,459.7,462.9,458.7,461.8,177.4351
2024-04-22 00:00:00,462.0,464.2,460.5,462.0,214.3267
2024-04-22 00:15:00,462.1,468.8,460.5,468.6,1109.3185
2024-04-22 00:30:00,468.5,472.5,465.4,470.6,630.8782
2024-04-22 00:45:00,470.6,475.7,470.2,475.2,297.9672
2024-04-22 01:00:00,475.4,480.0,472.0,480.0,524.0124
2024-04-22 01:15:00,479.8,479.8,473.3,473.5,292.141
2024-04-22 01:30:00,473.7,478.3,473.7,477.5,96.0486
2024-04-22 01:45:00,477.5,477.5,473.9,474.5,135.033
2024-04-22 02:00:00,475.1,476.6,473.0,473.0,97.162
2024-04-22 02:15:00,473.0,474.4,470.8,472.9,80.8706
2024-04-22 02:30:00,473.2,475.9,473.2,475.7,40.1002
2024-04-22 02:45:00,475.8,476.5,474.8,475.3,55.4711
2024-04-22 03:00:00,475.5,481.1,474.6,478.8,285.8027
2024-04-22 03:15:00,478.8,482.3,477.3,478.1,449.8396
2024-04-22 03:30:00,477.9,478.1,475.4,475.9,50.0914
2024-04-22 03:45:00,475.5,477.9,475.0,477.1,45.9992
2024-04-22 04:00:00,477.1,481.9,477.1,481.0,242.42
2024-04-22 04:15:00,480.8,487.3,479.2,484.3,815.9144
2024-04-22 04:30:00,484.1,485.3,483.5,485.0,99.1652
2024-04-22 04:45:00,485.0,485.0,480.6,480.9,82.5417
2024-04-22 05:00:00,481.0,485.3,477.9,485.1,192.9278
2024-04-22 05:15:00,485.1,485.1,479.2,480.1,108.7218
2024-04-22 05:30:00,480.4,480.5,478.5,478.5,93.0636
2024-04-22 05:45:00,478.5,479.7,477.5,477.9,34.7207
2024-04-22 06:00:00,478.0,478.0,473.5,473.7,140.0504
2024-04-22 06:15:00,473.6,475.0,473.5,474.8,48.2363
2024-04-22 06:30:00,474.8,476.2,474.0,476.1,129.779
2024-04-22 06:45:00,476.1,476.9,474.6,474.8,67.7043
2024-04-22 07:00:00,474.7,477.9,474.3,477.9,136.5794
2024-04-22 07:15:00,478.0,482.3,472.4,474.1,427.0535
2024-04-22 07:30:00,474.4,474.5,469.7,474.0,183.8783
2024-04-22 07:45:00,474.0,476.2,472.6,473.9,204.2751
2024-04-22 08:00:00,473.6,477.6,472.0,476.8,164.3754
2024-04-22 08:15:00,476.7,483.5,475.0,475.2,165.5266
2024-04-22 08:30:00,475.0,476.1,471.5,473.1,150.7756
2024-04-22 08:45:00,472.6,474.7,469.4,470.4,236.1149
2024-04-22 09:00:00,470.5,472.6,466.5,469.5,275.3756
2024-04-22 09:15:00,469.1,469.9,466.0,468.2,119.1915
2024-04-22 09:30:00,468.1,471.3,467.1,469.1,56.171
2024-04-22 09:45:00,468.9,470.3,468.1,469.1,24.7753
2024-04-22 10:00:00,469.5,473.8,468.3,472.6,104.013
2024-04-22 10:15:00,472.1,475.9,471.0,475.2,46.2856
2024-04-22 10:30:00,475.2,480.4,474.1,480.3,225.6346
2024-04-22 10:45:00,480.4,486.0,480.3,481.8,522.6267
2024-04-22 11:00:00,482.0,485.2,479.9,480.0,215.3935
2024-04-22 11:15:00,480.4,484.5,478.9,483.3,193.3418
2024-04-22 11:30:00,483.5,487.0,482.0,484.9,201.3596
2024-04-22 11:45:00,484.9,487.0,482.9,485.2,192.7812
2024-04-22 12:00:00,485.1,487.5,484.1,485.9,126.7534
2024-04-22 12:15:00,486.2,489.7,485.6,488.4,235.0805
2024-04-22 12:30:00,487.7,489.3,485.1,488.4,138.7962
2024-04-22 12:45:00,488.3,489.8,486.3,488.6,117.2037
2024-04-22 13:00:00,489.0,494.7,487.8,493.4,310.6471
2024-04-22 13:15:00,493.2,494.4,490.7,494.0,374.0684
2024-04-22 13:30:00,493.9,494.9,491.2,492.0,199.2806
2024-04-22 13:45:00,492.0,493.4,487.5,487.5,191.4334
2024-04-22 14:00:00,487.4,490.6,484.2,484.6,615.7705
2024-04-22 14:15:00,484.6,486.5,482.5,483.3,360.5185
2024-04-22 14:30:00,483.4,486.1,483.4,484.4,131.7067
2024-04-22 14:45:00,484.3,485.4,482.1,482.1,186.3265
2024-04-22 15:00:00,482.1,483.5,477.1,479.4,391.6147
2024-04-22 15:15:00,480.0,483.9,479.4,483.1,197.8712
2024-04-22 15:30:00,483.0,483.3,478.7,479.7,208.3724
2024-04-22 15:45:00,479.7,480.6,476.7,478.8,232.357
2024-04-22 16:00:00,478.7,481.6,477.9,480.4,129.8978
2024-04-22 16:15:00,480.2,481.4,478.3,478.3,242.6175
2024-04-22 16:30:00,478.4,478.7,476.3,477.8,112.9939
2024-04-22 16:45:00,477.6,480.9,477.1,480.8,413.7907
2024-04-22 17:00:00,480.7,484.4,479.6,483.2,354.348
2024-04-22 17:15:00,483.2,485.6,483.2,484.6,151.1399
2024-04-22 17:30:00,484.7,487.0,484.0,485.4,362.9585
2024-04-22 17:45:00,485.5,490.0,485.1,489.1,154.1281
2024-04-22 18:00:00,489.1,489.1,484.2,487.1,219.5303
2024-04-22 18:15:00,487.2,490.0,485.1,485.1,215.6855
2024-04-22 18:30:00,485.3,485.7,484.0,485.4,232.5369
2024-04-22 18:45:00,485.5,487.0,484.0,485.7,127.1222
2024-04-22 19:00:00,485.5,487.5,484.5,484.7,151.3288
2024-04-22 19:15:00,484.5,487.2,482.3,486.3,170.0971
2024-04-22 19:30:00,486.1,486.1,482.7,482.8,116.9235
2024-04-22 19:45:00,482.8,484.5,481.0,484.5,95.7885
2024-04-22 20:00:00,484.7,490.0,484.1,487.5,256.7216
2024-04-22 20:15:00,487.8,487.8,484.2,484.4,210.1151
2024-04-22 20:30:00,484.2,484.6,477.5,482.0,224.5027
2024-04-22 20:45:00,482.0,486.6,481.1,486.1,229.9096
2024-04-22 21:00:00,486.1,487.0,482.9,483.9,77.3629
2024-04-22 21:15:00,484.0,485.5,482.6,485.5,109.0232
2024-04-22 21:30:00,485.5,486.5,483.7,485.3,144.9894
2024-04-22 21:45:00,484.8,489.1,483.2,484.6,453.2837
2024-04-22 22:00:00,484.4,485.0,477.0,478.3,678.368
2024-04-22 22:15:00,478.1,481.5,477.0,479.8,138.412
2024-04-22 22:30:00,480.0,484.0,479.8,482.3,134.6543
2024-04-22 22:45:00,482.3,483.8,481.1,482.0,110.5236
2024-04-22 23:00:00,482.3,484.8,480.9,484.0,264.5622
2024-04-22 23:15:00,484.5,487.7,483.0,485.0,674.2886
2024-04-22 23:30:00,484.9,490.2,483.2,488.3,1054.2254
2024-04-22 23:45:00,488.3,489.1,486.2,488.5,812.1339
2024-04-23 00:00:00,488.5,491.3,486.3,491.0,842.9108
2024-04-23 00:15:00,490.8,494.8,490.5,494.3,695.8519
2024-04-23 00:30:00,494.2,494.9,489.7,491.5,307.6997
2024-04-23 00:45:00,491.7,502.8,491.5,499.1,1895.5754
2024-04-23 01:00:00,499.0,519.8,498.7,514.5,2588.2448
2024-04-23 01:15:00,514.6,526.2,511.1,512.1,1723.9519
2024-04-23 01:30:00,511.8,515.5,508.2,514.9,571.7646
2024-04-23 01:45:00,514.9,517.5,506.3,507.6,992.2455
2024-04-23 02:00:00,507.2,516.0,507.0,511.8,450.0469
2024-04-23 02:15:00,511.8,512.3,500.4,501.7,506.2142
2024-04-23 02:30:00,501.4,507.8,500.9,506.6,327.579
2024-04-23 02:45:00,506.5,508.7,505.8,508.5,97.8508
2024-04-23 03:00:00,507.9,515.0,507.2,515.0,340.3156
2024-04-23 03:15:00,514.6,531.1,514.2,516.6,3299.9972
2024-04-23 03:30:00,516.6,516.6,510.3,512.0,406.8636
2024-04-23 03:45:00,512.0,512.6,508.7,511.9,229.2843
2024-04-23 04:00:00,512.2,513.6,509.5,509.5,343.5978
2024-04-23 04:15:00,509.6,513.6,508.3,513.0,107.2629
2024-04-23 04:30:00,512.6,513.3,510.4,511.4,203.3371
2024-04-23 04:45:00,511.4,512.2,509.5,510.2,172.6853
2024-04-23 05:00:00,510.2,512.5,510.2,512.4,87.1553
2024-04-23 05:15:00,512.2,513.3,510.4,513.2,102.1687
2024-04-23 05:30:00,513.2,520.0,512.4,519.1,397.7937
2024-04-23 05:45:00,519.2,529.0,517.7,523.5,870.2233
2024-04-23 06:00:00,524.1,529.8,522.3,527.9,615.5599
2024-04-23 06:15:00,528.2,530.8,526.8,526.8,431.2467
2024-04-23 06:30:00,526.9,527.9,521.8,521.8,898.2584
2024-04-23 06:45:00,521.7,522.6,519.6,520.9,303.6155
2024-04-23 07:00:00,520.8,526.9,520.3,525.0,305.3244
2024-04-23 07:15:00,525.4,526.3,518.6,520.3,389.7981
2024-04-23 07:30:00,520.4,525.1,520.0,524.7,224.8062
2024-04-23 07:45:00,524.4,529.3,522.2,529.0,309.8963
2024-04-23 08:00:00,529.1,529.3,526.6,528.8,183.4969
2024-04-23 08:15:00,528.8,532.7,527.2,528.0,334.0032
2024-04-23 08:30:00,528.2,528.3,521.3,524.1,313.072
2024-04-23 08:45:00,524.3,524.9,521.6,522.4,317.4024
2024-04-23 09:00:00,522.5,528.5,520.2,527.2,278.7583
2024-04-23 09:15:00,527.2,529.0,526.1,526.2,206.5602
2024-04-23 09:30:00,526.1,529.4,525.3,525.8,289.0721
2024-04-23 09:45:00,525.8,527.6,520.7,522.1,620.6662
2024-04-23 10:00:00,521.7,523.7,517.7,518.5,186.1789
2024-04-23 10:15:00,518.7,521.1,515.1,516.7,177.1067
2024-04-23 10:30:00,516.7,516.7,512.0,513.5,443.3846
2024-04-23 10:45:00,513.4,514.8,511.4,511.4,469.0502
2024-04-23 11:00:00,511.4,515.5,511.4,514.8,93.8027
2024-04-23 11:15:00,514.8,515.0,508.6,509.1,262.8661
2024-04-23 11:30:00,508.8,512.3,508.4,510.7,184.9537
2024-04-23 11:45:00,510.5,510.5,507.9,510.0,202.8896
2024-04-23 12:00:00,509.9,514.7,508.2,509.7,253.9636
2024-04-23 12:15:00,509.6,510.7,505.1,509.8,188.007
2024-04-23 12:30:00,509.9,517.2,509.6,513.8,175.6422
2024-04-23 12:45:00,513.8,516.0,512.0,514.7,109.4344
2024-04-23 13:00:00,514.9,517.8,514.3,515.3,195.0734
2024-04-23 13:15:00,514.7,517.2,513.5,516.7,130.1234
2024-04-23 13:30:00,516.7,520.0,513.5,516.0,363.5766
2024-04-23 13:45:00,516.2,516.6,508.3,511.5,288.5855
2024-04-23 14:00:00,511.2,514.0,508.7,509.6,145.3441
2024-04-23 14:15:00,509.2,511.6,509.0,509.4,109.5859
2024-04-23 14:30:00,509.4,510.6,503.2,504.6,364.5862
2024-04-23 14:45:00,504.8,505.8,501.3,502.8,448.0647
2024-04-23 15:00:00,502.9,507.1,496.8,497.0,569.2171
2024-04-23 15:15:00,497.3,501.5,496.6,498.4,406.6033
2024-04-23 15:30:00,498.3,498.3,493.4,497.6,288.4391
2024-04-23 15:45:00,497.6,504.8,497.4,504.0,263.5758
2024-04-23 16:00:00,503.9,505.4,500.6,501.7,249.9259
2024-04-23 16:15:00,502.0,503.3,500.2,502.8,275.5381
2024-04-23 16:30:00,502.8,503.1,498.1,499.9,956.9764
2024-04-23 16:45:00,499.8,500.6,497.4,498.8,157.5609
2024-04-23 17:00:00,499.2,504.3,499.2,501.9,246.1635
2024-04-23 17:15:00,501.6,503.7,500.3,502.8,158.5134
2024-04-23 17:30:00,502.7,507.9,502.6,506.4,334.3506
2024-04-23 17:45:00,506.8,508.4,503.7,505.3,207.9063
2024-04-23 18:00:00,505.5,507.8,503.9,505.5,299.335
2024-04-23 18:15:00,505.4,511.7,505.1,511.4,434.8017
2024-04-23 18:30:00,510.8,511.2,504.6,507.7,120.6966
2024-04-23 18:45:00,507.7,516.7,507.2,512.7,928.4764
2024-04-23 19:00:00,512.5,516.3,510.4,514.8,353.1047
2024-04-23 19:15:00,514.6,520.0,513.5,517.3,356.5328
2024-04-23 19:30:00,517.1,518.2,508.8,509.1,303.1723
2024-04-23 19:45:00,509.4,515.8,508.7,515.5,278.6918
2024-04-23 20:00:00,515.5,515.6,510.9,511.4,119.8231
2024-04-23 20:15:00,511.7,511.8,506.5,506.9,289.5636
2024-04-23 20:30:00,507.3,513.9,506.5,511.9,589.5886
2024-04-23 20:45:00,512.1,513.0,507.1,513.0,375.2341
2024-04-23 21:00:00,513.0,516.8,509.2,515.9,414.1348
2024-04-23 21:15:00,516.0,528.7,515.8,524.3,1190.5726
2024-04-23 21:30:00,524.1,530.2,517.5,520.7,869.9662
2024-04-23 21:45:00,520.5,524.8,518.0,522.1,421.6614
2024-04-23 22:00:00,522.4,522.4,513.9,515.1,507.8458
2024-04-23 22:15:00,515.3,521.1,512.9,520.7,334.4878
2024-04-23 22:30:00,520.9,521.0,513.2,513.8,276.8804
2024-04-23 22:45:00,513.7,516.6,510.0,510.7,358.1694
2024-04-23 23:00:00,511.1,513.4,507.3,511.7,499.7228
2024-04-23 23:15:00,511.8,514.3,510.0,510.7,191.4487
2024-04-23 23:30:00,510.7,511.1,507.7,509.5,175.134
2024-04-23 23:45:00,509.7,511.5,508.8,509.6,158.1369
2024-04-24 00:00:00,509.5,509.8,506.1,507.1,140.6023
2024-04-24 00:15:00,507.2,508.1,504.3,507.2,468.3801
2024-04-24 00:30:00,506.9,510.7,506.9,510.3,233.1014
2024-04-24 00:45:00,510.2,511.0,506.7,508.2,199.3842
2024-04-24 01:00:00,508.0,508.4,501.3,503.8,377.2858
2024-04-24 01:15:00,504.0,505.5,501.4,503.0,162.4201
2024-04-24 01:30:00,503.1,503.1,500.0,503.1,184.3557
2024-04-24 01:45:00,503.0,504.1,500.2,504.1,188.8149
2024-04-24 02:00:00,504.1,504.3,502.2,502.2,125.4996
2024-04-24 02:15:00,502.0,503.9,501.0,502.2,99.3455
2024-04-24 02:30:00,502.4,505.3,501.1,504.2,223.6779
2024-04-24 02:45:00,504.1,505.6,503.1,504.4,114.9346
2024-04-24 03:00:00,504.0,504.2,499.5,501.1,177.2755
2024-04-24 03:15:00,501.2,501.4,495.0,500.2,511.3813
2024-04-24 03:30:00,500.1,503.8,498.9,502.4,128.8524
2024-04-24 03:45:00,502.7,503.0,500.8,501.4,462.9352
2024-04-24 04:00:00,502.0,502.6,500.0,501.9,298.4956
2024-04-24 04:15:00,501.7,503.0,500.4,502.9,52.5108
2024-04-24 04:30:00,502.9,503.5,499.1,500.2,102.177
2024-04-24 04:45:00,500.5,500.7,499.6,500.1,67.0887
2024-04-24 05:00:00,500.0,503.0,498.8,502.5,78.4645
2024-04-24 05:15:00,503.1,503.7,501.5,503.1,46.3822
2024-04-24 05:30:00,503.1,503.2,500.1,501.5,72.0508
2024-04-24 05:45:00,501.4,501.6,497.2,497.8,72.8232
2024-04-24 06:00:00,497.8,498.8,494.5,498.8,80.4931
2024-04-24 06:15:00,498.5,500.0,497.6,498.8,78.9483
2024-04-24 06:30:00,498.9,500.9,498.8,499.4,165.2324
2024-04-24 06:45:00,499.4,500.3,498.8,500.1,84.3978
2024-04-24 07:00:00,499.5,502.4,498.8,501.7,143.5154
2024-04-24 07:15:00,501.8,502.8,497.0,502.6,212.348
2024-04-24 07:30:00,502.6,505.6,501.9,505.6,208.8282
2024-04-24 07:45:00,505.1,505.2,502.3,503.1,41.5204
2024-04-24 08:00:00,502.7,505.3,501.2,502.9,159.1856
2024-04-24 08:15:00,502.5,505.6,501.4,501.8,75.494
2024-04-24 08:30:00,502.0,506.7,501.2,506.6,116.572
2024-04-24 08:45:00,506.6,506.6,503.0,503.7,312.804
2024-04-24 09:00:00,503.7,503.9,494.3,499.7,332.4093
2024-04-24 09:15:00,499.7,500.1,495.5,496.3,199.3767
2024-04-24 09:30:00,496.4,496.4,490.0,491.0,329.2106
2024-04-24 09:45:00,491.0,493.8,490.9,493.0,72.652
2024-04-24 10:00:00,492.8,495.0,492.6,493.7,59.0878
2024-04-24 10:15:00,494.0,494.7,492.3,493.6,33.5864
2024-04-24 10:30:00,493.6,496.9,493.3,494.8,115.1119
2024-04-24 10:45:00,495.1,496.3,493.3,494.3,78.0119
2024-04-24 11:00:00,494.5,497.1,493.2,496.5,705.2288
2024-04-24 11:15:00,496.4,496.4,492.8,494.0,257.584
2024-04-24 11:30:00,494.1,494.4,491.8,492.3,98.134
2024-04-24 11:45:00,492.3,502.0,492.3,501.6,316.3478
2024-04-24 12:00:00,500.9,501.2,497.5,500.0,151.7461
2024-04-24 12:15:00,500.0,500.0,496.1,497.0,69.4975
2024-04-24 12:30:00,496.9,497.7,494.1,497.7,83.8064
2024-04-24 12:45:00,497.7,497.7,494.8,495.6,98.9938
2024-04-24 13:00:00,495.7,495.7,491.5,492.2,180.7462
2024-04-24 13:15:00,492.4,494.8,492.1,492.8,360.4407
2024-04-24 13:30:00,492.8,496.4,492.1,496.0,156.8596
2024-04-24 13:45:00,496.0,496.7,493.9,496.4,222.6877
2024-04-24 14:00:00,496.2,498.1,495.4,498.1,91.3319
2024-04-24 14:15:00,498.1,498.6,495.5,496.8,77.3639
2024-04-24 14:30:00,497.0,497.0,494.0,494.8,119.7006
2024-04-24 14:45:00,494.8,495.9,494.0,494.5,40.399
2024-04-24 15:00:00,494.7,496.4,493.3,494.4,88.8882
2024-04-24 15:15:00,494.3,495.0,492.5,495.0,81.9101
2024-04-24 15:30:00,494.6,496.8,494.2,495.0,70.0505
2024-04-24 15:45:00,495.0,495.3,492.8,494.9,79.9432
2024-04-24 16:00:00,494.9,494.9,491.9,493.6,106.2623
2024-04-24 16:15:00,493.9,496.8,493.1,495.7,154.3546
2024-04-24 16:30:00,495.7,497.1,493.3,494.0,104.8224
2024-04-24 16:45:00,494.1,496.4,493.3,496.0,103.0957
2024-04-24 17:00:00,496.0,499.8,494.2,495.7,121.3774
2024-04-24 17:15:00,495.7,498.4,495.6,496.5,172.9104
2024-04-24 17:30:00,496.6,498.4,495.0,495.6,57.7574
2024-04-24 17:45:00,495.5,497.6,494.3,494.9,303.4372
2024-04-24 18:00:00,495.0,495.0,494.2,495.0,127.925
2024-04-24 18:15:00,495.0,497.1,493.8,496.6,342.3076
2024-04-24 18:30:00,496.5,506.7,495.8,501.6,1529.7892
2024-04-24 18:45:00,501.5,501.5,499.0,501.0,150.3755
2024-04-24 19:00:00,501.3,504.6,499.7,503.7,344.1382
2024-04-24 19:15:00,503.7,506.3,502.3,503.8,245.1854
2024-04-24 19:30:00,503.9,506.9,503.1,504.0,397.2638
2024-04-24 19:45:00,503.9,504.0,500.2,500.2,165.7715
2024-04-24 20:00:00,500.3,500.6,495.0,498.0,140.3246
2024-04-24 20:15:00,497.9,498.1,493.9,494.1,209.0275
2024-04-24 20:30:00,494.0,494.9,487.8,489.8,644.3531
2024-04-24 20:45:00,490.1,490.6,486.7,487.7,355.3577
2024-04-24 21:00:00,487.4,491.9,486.6,489.0,130.4282
2024-04-24 21:15:00,489.0,490.3,478.7,481.8,584.2485
2024-04-24 21:30:00,481.9,482.0,470.8,476.5,927.0751
2024-04-24 21:45:00,476.2,483.5,474.3,481.6,611.6936
2024-04-24 22:00:00,481.3,481.3,478.0,479.6,229.5207
2024-04-24 22:15:00,479.0,480.6,474.2,474.7,355.9037
2024-04-24 22:30:00,474.9,479.2,470.6,471.5,390.1089
2024-04-24 22:45:00,471.7,475.2,471.0,472.9,277.1089
2024-04-24 23:00:00,472.8,475.8,450.8,453.5,8734.7496
2024-04-24 23:15:00,453.6,459.2,452.0,452.8,963.8166
2024-04-24 23:30:00,453.1,457.9,451.8,457.6,615.9693
2024-04-24 23:45:00,457.6,461.1,457.1,459.7,389.2429
2024-04-25 00:00:00,459.8,466.4,459.8,466.2,687.3574
2024-04-25 00:15:00,466.1,466.3,462.9,465.6,238.2958
2024-04-25 00:30:00,465.4,466.9,461.6,461.6,300.7338
2024-04-25 00:45:00,461.6,462.4,458.0,459.2,320.3525
2024-04-25 01:00:00,459.3,459.7,455.2,459.2,213.8915
2024-04-25 01:15:00,459.2,461.8,458.5,461.1,173.1985
2024-04-25 01:30:00,461.0,464.7,460.6,462.8,364.3054
2024-04-25 01:45:00,462.7,462.8,448.4,450.0,5020.2591
2024-04-25 02:00:00,450.1,452.8,443.3,450.8,2311.9349
2024-04-25 02:15:00,450.8,454.9,449.6,453.8,628.5617
2024-04-25 02:30:00,453.9,455.1,450.5,450.7,401.3812
2024-04-25 02:45:00,450.7,452.0,449.8,450.5,199.5578
2024-04-25 03:00:00,450.5,454.2,450.3,450.8,268.7945
2024-04-25 03:15:00,450.5,451.4,447.2,450.2,497.2185
2024-04-25 03:30:00,450.3,452.4,449.8,452.1,337.4069
2024-04-25 03:45:00,452.4,462.3,448.2,451.9,1002.0032
2024-04-25 04:00:00,451.9,452.3,446.2,447.9,362.352
2024-04-25 04:15:00,448.0,455.4,447.9,453.3,426.1049
2024-04-25 04:30:00,453.1,454.6,452.1,454.0,138.276
2024-04-25 04:45:00,454.0,455.6,452.5,455.5,192.9819
2024-04-25 05:00:00,455.6,455.7,453.2,453.3,194.5838
2024-04-25 05:15:00,453.4,453.8,448.8,451.2,358.4527
2024-04-25 05:30:00,451.2,454.0,451.0,451.5,146.133
2024-04-25 05:45:00,451.5,451.5,446.3,449.6,305.252
2024-04-25 06:00:00,449.7,451.2,444.1,449.2,744.6414
2024-04-25 06:15:00,449.1,452.0,445.8,448.6,359.7947
2024-04-25 06:30:00,449.0,451.6,448.1,451.3,539.7359
2024-04-25 06:45:00,451.3,452.6,448.6,452.6,329.7331
2024-04-25 07:00:00,452.7,455.4,450.3,453.4,316.9712
2024-04-25 07:15:00,453.7,455.9,451.4,455.7,238.0509
2024-04-25 07:30:00,455.9,458.5,455.4,458.3,477.1588
2024-04-25 07:45:00,458.5,460.9,456.7,457.3,407.1719
2024-04-25 08:00:00,457.1,459.7,453.8,455.5,221.7086
2024-04-25 08:15:00,455.6,458.9,454.4,458.8,82.0541
2024-04-25 08:30:00,458.7,459.3,455.0,456.2,261.8721
2024-04-25 08:45:00,456.1,457.8,451.0,451.1,181.1222
2024-04-25 09:00:00,451.2,455.8,448.2,453.0,330.9138
2024-04-25 09:15:00,453.2,453.4,449.7,452.4,469.5907
2024-04-25 09:30:00,452.3,452.3,450.2,451.0,142.1811
2024-04-25 09:45:00,450.9,454.8,450.9,454.5,267.2433
2024-04-25 10:00:00,454.5,454.6,449.6,450.0,172.2995
2024-04-25 10:15:00,450.0,452.5,449.3,450.6,133.1128
2024-04-25 10:30:00,450.5,453.8,450.5,451.0,112.6392
2024-04-25 10:45:00,451.2,452.2,446.8,447.8,175.6546
2024-04-25 11:00:00,448.0,449.6,439.9,441.4,597.3331
2024-04-25 11:15:00,441.3,444.5,440.3,442.2,271.389
2024-04-25 11:30:00,442.2,447.1,442.2,446.9,193.3009
2024-04-25 11:45:00,446.9,451.4,446.9,449.6,433.1681
2024-04-25 12:00:00,449.9,455.8,449.5,450.7,756.6415
2024-04-25 12:15:00,450.9,452.0,450.0,450.7,103.5796
2024-04-25 12:30:00,450.7,456.9,450.7,455.9,180.0508
2024-04-25 12:45:00,455.7,456.3,451.6,452.3,115.6835
2024-04-25 13:00:00,452.5,455.7,451.8,453.5,235.6107
2024-04-25 13:15:00,453.5,453.5,451.4,453.1,241.3842
2024-04-25 13:30:00,453.1,455.7,451.5,452.6,160.934
2024-04-25 13:45:00,452.6,453.9,451.1,452.9,310.9519
2024-04-25 14:00:00,452.8,462.8,451.2,456.5,2006.9318
2024-04-25 14:15:00,456.6,461.8,452.3,453.7,1446.9259
2024-04-25 14:30:00,453.8,462.2,453.2,459.5,2868.642
2024-04-25 14:45:00,459.4,463.7,457.8,461.6,380.6412
2024-04-25 15:00:00,462.0,463.6,460.9,462.2,224.5327
2024-04-25 15:15:00,462.3,465.2,459.6,461.2,228.4549
2024-04-25 15:30:00,461.1,463.0,457.6,458.8,266.4949
2024-04-25 15:45:00,458.1,459.7,457.3,458.8,180.2602
2024-04-25 16:00:00,458.7,462.6,457.1,461.3,259.5312
2024-04-25 16:15:00,461.3,464.3,460.0,464.3,358.9307
2024-04-25 16:30:00,464.3,464.3,459.6,460.1,181.1916
2024-04-25 16:45:00,459.6,462.1,458.7,461.3,125.9025
2024-04-25 17:00:00,461.8,461.8,455.5,459.0,303.7929
2024-04-25 17:15:00,459.2,459.9,453.2,455.2,226.0695
2024-04-25 17:30:00,455.2,456.9,453.7,453.9,220.1087
2024-04-25 17:45:00,454.2,455.1,447.2,450.0,1297.5317
2024-04-25 18:00:00,450.4,464.0,450.3,460.2,1571.7572
2024-04-25 18:15:00,460.2,462.7,458.8,461.0,382.8045
2024-04-25 18:30:00,460.7,462.2,459.6,462.0,154.5451
2024-04-25 18:45:00,462.1,462.5,457.1,457.4,282.6067
2024-04-25 19:00:00,457.4,463.6,456.7,462.7,251.6465
2024-04-25 19:15:00,462.6,462.7,458.5,459.3,89.2837
2024-04-25 19:30:00,459.4,461.9,455.9,456.0,292.0349
2024-04-25 19:45:00,456.1,456.3,450.4,450.7,773.0698
2024-04-25 20:00:00,450.7,452.2,448.1,450.2,407.1405
2024-04-25 20:15:00,450.3,452.9,449.1,452.6,472.3825
2024-04-25 20:30:00,452.5,454.0,450.5,453.2,667.6608
2024-04-25 20:45:00,453.4,453.9,451.8,452.8,126.2862
2024-04-25 21:00:00,453.1,457.5,451.8,457.3,262.7188
2024-04-25 21:15:00,457.1,461.0,455.8,458.6,292.5572
2024-04-25 21:30:00,459.2,459.6,454.0,455.6,272.885
2024-04-25 21:45:00,455.7,456.5,452.0,454.9,128.4047
2024-04-25 22:00:00,454.8,457.4,453.3,457.4,127.8857
2024-04-25 22:15:00,457.3,459.3,455.7,459.0,118.4824
2024-04-25 22:30:00,459.2,460.4,454.6,460.3,412.1684
2024-04-25 22:45:00,460.2,463.5,459.2,462.6,276.2745
2024-04-25 23:00:00,462.6,464.9,461.9,463.0,291.5953
2024-04-25 23:15:00,462.9,464.9,460.3,463.9,365.8792
2024-04-25 23:30:00,464.1,464.1,462.0,462.7,213.9304
2024-04-25 23:45:00,463.1,464.8,463.1,464.5,214.6396
2024-04-26 00:00:00,464.6,466.0,459.7,459.7,347.1798
2024-04-26 00:15:00,459.6,461.9,458.1,460.7,225.4036
2024-04-26 00:30:00,460.5,460.7,457.1,458.6,247.5005
2024-04-26 00:45:00,458.4,461.7,458.2,461.4,165.4715
2024-04-26 01:00:00,461.4,462.6,458.2,461.5,294.1011
2024-04-26 01:15:00,461.6,462.7,459.7,460.8,96.4222
2024-04-26 01:30:00,460.9,461.1,459.5,459.8,228.9997
2024-04-26 01:45:00,460.5,462.8,460.0,462.3,109.3966
2024-04-26 02:00:00,462.4,463.3,459.5,461.6,109.0882
2024-04-26 02:15:00,461.6,461.6,460.0,460.8,88.3482
2024-04-26 02:30:00,460.6,460.9,459.0,460.7,186.2768
2024-04-26 02:45:00,460.7,464.7,460.7,464.5,123.0973
2024-04-26 03:00:00,464.3,466.9,462.6,464.3,216.6141
2024-04-26 03:15:00,464.3,467.2,463.5,466.1,165.436
2024-04-26 03:30:00,466.3,469.5,466.2,469.4,235.802
2024-04-26 03:45:00,469.3,469.4,467.3,468.3,191.1435
2024-04-26 04:00:00,468.2,470.9,468.2,470.2,231.0492
2024-04-26 04:15:00,470.2,472.7,468.7,470.2,378.6825
2024-04-26 04:30:00,470.0,472.3,470.0,470.1,91.9289
2024-04-26 04:45:00,470.1,470.5,466.5,466.8,113.7384
2024-04-26 05:00:00,466.8,466.8,461.4,463.7,303.6113
2024-04-26 05:15:00,463.5,464.2,462.4,462.8,120.5239
2024-04-26 05:30:00,463.0,463.0,460.0,460.8,93.7056
2024-04-26 05:45:00,461.0,461.5,459.0,459.7,150.3612
2024-04-26 06:00:00,459.6,461.5,458.4,460.5,84.5934
2024-04-26 06:15:00,460.4,461.3,459.6,461.1,81.8293
2024-04-26 06:30:00,461.1,463.9,460.8,462.2,201.2341
2024-04-26 06:45:00,462.2,462.5,459.7,460.8,111.9554
2024-04-26 07:00:00,460.8,461.7,456.3,456.4,236.6199
2024-04-26 07:15:00,456.4,459.1,452.6,454.3,258.5342
2024-04-26 07:30:00,454.8,455.3,451.2,451.8,164.1114
2024-04-26 07:45:00,451.8,453.6,450.3,452.8,186.6384
2024-04-26 08:00:00,452.5,453.2,449.7,450.5,250.7394
2024-04-26 08:15:00,450.5,450.5,445.4,449.2,471.1129
2024-04-26 08:30:00,449.2,452.6,446.5,451.6,163.5954
2024-04-26 08:45:00,451.6,454.7,451.6,452.6,96.0796
2024-04-26 09:00:00,452.7,456.1,451.7,455.5,58.5342
2024-04-26 09:15:00,455.5,456.5,451.7,452.0,167.1991
2024-04-26 09:30:00,452.3,453.0,450.9,452.4,95.664
2024-04-26 09:45:00,452.6,456.4,452.2,455.8,98.8146
2024-04-26 10:00:00,456.0,457.2,454.1,455.7,142.3214
2024-04-26 10:15:00,455.5,457.6,453.3,453.4,59.1496
2024-04-26 10:30:00,453.0,454.0,451.0,452.4,66.7828
2024-04-26 10:45:00,452.6,453.4,451.1,451.4,37.0417
2024-04-26 11:00:00,451.4,452.4,449.0,450.7,83.4109
2024-04-26 11:15:00,451.0,454.1,449.9,454.1,60.0995
2024-04-26 11:30:00,454.3,455.8,452.2,455.5,64.0877
2024-04-26 11:45:00,455.7,456.6,452.6,452.6,63.1629
2024-04-26 12:00:00,452.7,454.8,452.1,453.8,64.4427
2024-04-26 12:15:00,453.9,456.4,453.2,455.1,55.018
2024-04-26 12:30:00,454.9,457.5,454.9,456.5,80.6372
2024-04-26 12:45:00,456.7,458.3,454.5,455.1,162.177
2024-04-26 13:00:00,454.9,455.8,452.8,453.3,79.2633
2024-04-26 13:15:00,453.6,453.6,450.8,451.7,120.8645
2024-04-26 13:30:00,451.9,452.7,449.4,449.8,76.0877
2024-04-26 13:45:00,449.9,452.5,449.4,449.8,126.9742
2024-04-26 14:00:00,449.7,451.9,447.7,448.1,325.078
2024-04-26 14:15:00,447.8,451.0,447.7,450.1,145.5617
2024-04-26 14:30:00,450.4,451.2,446.0,446.9,261.2472
2024-04-26 14:45:00,447.3,447.8,444.1,444.6,410.2938
2024-04-26 15:00:00,444.8,447.9,443.3,447.9,293.0231
2024-04-26 15:15:00,447.8,448.1,446.0,446.4,151.6267
2024-04-26 15:30:00,446.5,447.6,445.0,446.9,132.2531
2024-04-26 15:45:00,446.9,447.2,444.6,446.5,138.1509
2024-04-26 16:00:00,446.4,449.4,445.3,448.5,99.7019
2024-04-26 16:15:00,448.4,449.8,440.0,447.0,968.5776
2024-04-26 16:30:00,447.0,451.3,446.9,449.0,312.2892
2024-04-26 16:45:00,449.1,449.1,447.2,448.9,80.1729
2024-04-26 17:00:00,448.7,448.8,445.9,446.1,121.9052
2024-04-26 17:15:00,445.9,446.8,444.6,445.4,138.8395
2024-04-26 17:30:00,445.3,445.5,444.3,444.4,205.8889
2024-04-26 17:45:00,444.4,444.7,441.9,442.9,220.54
2024-04-26 18:00:00,443.0,445.4,442.9,445.1,100.8482
2024-04-26 18:15:00,445.1,446.5,444.4,444.4,165.7136
2024-04-26 18:30:00,444.3,446.8,443.2,446.3,200.1109
2024-04-26 18:45:00,446.3,447.0,445.0,445.3,86.4455
2024-04-26 19:00:00,445.2,447.8,443.8,446.6,264.7248
2024-04-26 19:15:00,446.5,446.8,444.2,444.3,95.6624
2024-04-26 19:30:00,445.0,447.8,444.9,446.9,175.0551
2024-04-26 19:45:00,447.0,447.2,440.9,442.1,362.9017
2024-04-26 20:00:00,442.3,442.3,432.4,433.4,1528.5094
2024-04-26 20:15:00,433.5,435.4,430.0,434.6,1013.0022
2024-04-26 20:30:00,434.6,437.1,433.4,436.8,332.163
2024-04-26 20:45:00,436.9,441.3,436.6,441.1,371.5767
2024-04-26 21:00:00,440.8,447.5,439.1,446.7,420.6374
2024-04-26 21:15:00,447.0,447.2,442.7,442.8,257.071
2024-04-26 21:30:00,442.9,445.3,437.6,439.3,466.2239
2024-04-26 21:45:00,439.4,440.2,435.1,435.8,338.6631
2024-04-26 22:00:00,435.6,437.3,432.1,434.5,638.9007
2024-04-26 22:15:00,434.8,436.8,433.3,435.0,240.4983
2024-04-26 22:30:00,435.0,438.1,433.9,438.0,183.4997
2024-04-26 22:45:00,438.2,439.0,436.8,437.3,141.7158
2024-04-26 23:00:00,437.5,439.7,435.1,435.8,259.864
2024-04-26 23:15:00,435.7,437.2,435.4,437.0,242.4921
2024-04-26 23:30:00,436.8,439.0,435.0,435.7,110.1986
2024-04-26 23:45:00,435.7,438.2,435.4,438.0,180.1299
2024-04-27 00:00:00,438.0,438.0,435.5,437.7,183.6707
2024-04-27 00:15:00,437.7,438.8,436.0,438.7,226.8987
2024-04-27 00:30:00,438.7,438.9,436.4,437.2,229.8208
2024-04-27 00:45:00,437.5,439.6,437.5,439.3,198.7558
2024-04-27 01:00:00,439.2,439.2,437.8,438.5,116.075
2024-04-27 01:15:00,438.5,438.5,435.9,436.2,120.8724
2024-04-27 01:30:00,436.2,437.0,435.3,435.9,176.5684
2024-04-27 01:45:00,436.0,436.9,434.0,435.2,229.0925
2024-04-27 02:00:00,435.0,435.6,434.0,434.9,68.7148
2024-04-27 02:15:00,435.0,435.1,433.5,434.3,204.4618
2024-04-27 02:30:00,434.4,434.5,433.2,433.8,75.0627
2024-04-27 02:45:00,433.7,435.2,432.7,432.7,175.2668
2024-04-27 03:00:00,432.8,434.8,431.8,433.5,383.7287
2024-04-27 03:15:00,433.4,436.2,432.7,433.4,385.1597
2024-04-27 03:30:00,433.6,434.1,432.0,432.9,108.8185
2024-04-27 03:45:00,433.0,433.6,432.2,433.4,107.6424
2024-04-27 04:00:00,433.5,434.5,431.6,431.6,133.0935
2024-04-27 04:15:00,431.7,432.3,430.0,430.0,528.2375
2024-04-27 04:30:00,430.2,432.1,430.1,432.1,130.2441
2024-04-27 04:45:00,432.0,434.0,431.7,433.8,82.2298
2024-04-27 05:00:00,433.8,434.0,431.5,432.0,143.5512
2024-04-27 05:15:00,432.1,432.1,426.3,427.1,501.459
2024-04-27 05:30:00,426.8,429.1,426.0,426.0,258.07
2024-04-27 05:45:00,426.0,427.7,425.4,426.7,292.7642
2024-04-27 06:00:00,426.6,429.6,426.5,429.4,181.7493
2024-04-27 06:15:00,429.4,429.9,425.8,426.7,363.3664
2024-04-27 06:30:00,426.7,427.0,426.6,426.9,287.7636
2024-04-27 06:45:00,426.9,427.0,425.6,427.0,236.5069
2024-04-27 07:00:00,427.0,427.0,425.5,426.8,188.1172
2024-04-27 07:15:00,426.8,427.0,422.2,423.0,335.9361
2024-04-27 07:30:00,423.0,423.5,418.1,418.2,597.9863
2024-04-27 07:45:00,418.2,420.3,418.0,420.1,434.8659
2024-04-27 08:00:00,420.5,421.9,416.5,417.9,420.4029
2024-04-27 08:15:00,418.2,418.9,410.0,415.5,1261.8213
2024-04-27 08:30:00,415.3,418.7,414.1,416.8,267.6144
2024-04-27 08:45:00,416.8,418.3,411.2,414.1,806.3141
2024-04-27 09:00:00,414.0,417.2,411.1,416.7,506.5298
2024-04-27 09:15:00,416.7,423.6,416.6,422.8,296.267
2024-04-27 09:30:00,422.8,424.7,418.1,418.1,258.7275
2024-04-27 09:45:00,418.0,420.5,417.4,420.3,152.7548
2024-04-27 10:00:00,420.3,422.6,420.0,422.2,167.6127
2024-04-27 10:15:00,422.0,422.5,420.2,421.5,172.4775
2024-04-27 10:30:00,421.4,422.4,420.0,422.2,130.9061
2024-04-27 10:45:00,422.1,422.3,420.1,420.1,123.5709
2024-04-27 11:00:00,420.2,422.3,419.9,419.9,113.9066
2024-04-27 11:15:00,419.8,421.5,418.7,421.1,333.4228
2024-04-27 11:30:00,421.0,421.7,418.6,421.7,534.1314
2024-04-27 11:45:00,421.5,424.4,421.4,423.0,265.1643
2024-04-27 12:00:00,423.0,423.5,419.2,421.5,122.7482
2024-04-27 12:15:00,421.2,422.3,420.2,421.8,222.4903
2024-04-27 12:30:00,422.0,422.6,421.7,421.9,66.1155
2024-04-27 12:45:00,421.9,421.9,419.6,421.3,198.3283
2024-04-27 13:00:00,421.6,425.4,421.3,424.6,120.451
2024-04-27 13:15:00,424.5,424.6,421.2,421.6,160.4265
2024-04-27 13:30:00,421.6,421.9,418.9,419.6,174.4162
2024-04-27 13:45:00,419.8,422.8,419.3,420.8,100.7187
2024-04-27 14:00:00,420.7,423.0,419.8,422.6,102.0471
2024-04-27 14:15:00,422.5,424.0,421.3,423.6,170.632
2024-04-27 14:30:00,423.6,424.9,422.0,423.7,183.6058
2024-04-27 14:45:00,423.6,424.4,421.7,423.1,97.8746
2024-04-27 15:00:00,423.1,424.5,421.1,421.4,232.0736
2024-04-27 15:15:00,421.3,423.2,420.7,422.7,154.4774
2024-04-27 15:30:00,422.6,422.6,418.3,419.4,371.1739
2024-04-27 15:45:00,419.5,420.0,418.1,419.2,301.7328
2024-04-27 16:00:00,419.1,420.6,415.9,416.5,323.5564
2024-04-27 16:15:00,416.5,418.6,416.3,418.4,187.1984
2024-04-27 16:30:00,418.6,421.3,418.3,419.3,101.5302
2024-04-27 16:45:00,419.3,419.8,417.5,418.3,130.534
2024-04-27 17:00:00,418.5,420.0,417.5,419.1,148.8704
2024-04-27 17:15:00,418.9,419.0,416.3,416.3,171.3028
2024-04-27 17:30:00,416.5,416.8,413.6,414.2,317.504
2024-04-27 17:45:00,414.2,416.4,413.1,415.9,253.3594
2024-04-27 18:00:00,415.7,416.0,413.1,415.9,316.4511
2024-04-27 18:15:00,415.9,416.2,410.1,415.4,1134.9294
2024-04-27 18:30:00,415.4,416.5,414.4,415.5,259.7854
2024-04-27 18:45:00,415.3,415.3,412.7,413.7,145.2804
2024-04-27 19:00:00,413.7,418.1,413.3,417.7,418.5377
2024-04-27 19:15:00,417.5,417.6,414.9,415.3,182.2514
2024-04-27 19:30:00,415.4,417.4,415.0,417.2,254.0617
2024-04-27 19:45:00,417.2,420.3,415.9,418.4,462.0137
2024-04-27 20:00:00,418.4,420.5,417.5,419.7,228.2105
2024-04-27 20:15:00,419.8,421.7,419.6,420.0,142.8913
2024-04-27 20:30:00,419.9,422.8,419.4,422.1,160.4635
2024-04-27 20:45:00,422.0,422.5,421.1,421.7,113.2014
2024-04-27 21:00:00,421.7,424.5,421.0,423.9,197.9607
2024-04-27 21:15:00,423.6,424.8,421.6,421.6,130.2747
2024-04-27 21:30:00,421.7,423.4,419.3,419.3,164.0809
2024-04-27 21:45:00,419.2,420.2,418.1,418.8,60.6737
2024-04-27 22:00:00,418.9,419.0,416.6,416.9,87.1429
2024-04-27 22:15:00,416.8,417.0,415.4,415.9,118.097
2024-04-27 22:30:00,415.7,415.9,414.3,415.4,255.7448
2024-04-27 22:45:00,415.5,415.8,414.7,415.7,137.9524
2024-04-27 23:00:00,415.4,417.7,415.0,416.6,101.9655
2024-04-27 23:15:00,416.6,418.8,415.9,415.9,113.9218
2024-04-27 23:30:00,415.9,417.0,415.5,416.4,83.945
2024-04-27 23:45:00,416.3,417.8,416.2,416.5,117.4841
2024-04-28 00:00:00,416.5,419.3,416.4,418.1,379.4794
2024-04-28 00:15:00,418.0,420.7,415.0,419.0,278.9505
2024-04-28 00:30:00,419.1,425.6,419.0,424.6,533.0318
2024-04-28 00:45:00,424.9,429.9,423.4,425.4,461.8072
2024-04-28 01:00:00,425.6,427.2,420.3,421.4,257.164
2024-04-28 01:15:00,421.5,421.7,417.4,419.7,306.7818
2024-04-28 01:30:00,419.7,421.5,419.4,420.3,200.7709
2024-04-28 01:45:00,420.4,423.7,420.4,421.7,331.4685
2024-04-28 02:00:00,421.8,422.3,419.0,420.3,202.6006
2024-04-28 02:15:00,420.3,422.9,420.0,420.7,199.619
2024-04-28 02:30:00,420.8,422.1,420.3,421.4,67.3129
2024-04-28 02:45:00,421.4,422.7,421.1,422.6,95.1795
2024-04-28 03:00:00,422.7,424.1,422.4,422.7,241.5506
2024-04-28 03:15:00,422.8,423.8,421.2,421.4,347.7056
2024-04-28 03:30:00,421.4,422.7,421.4,422.3,167.8508
2024-04-28 03:45:00,422.2,422.8,421.7,422.7,191.4326
2024-04-28 04:00:00,422.8,423.5,420.9,421.6,154.3871
2024-04-28 04:15:00,421.6,423.1,421.2,422.6,118.4674
2024-04-28 04:30:00,422.4,423.5,422.0,423.1,203.6765
2024-04-28 04:45:00,422.9,423.4,422.7,423.1,81.9729
2024-04-28 05:00:00,423.0,424.5,422.7,423.4,107.0228
2024-04-28 05:15:00,423.5,423.6,421.4,422.0,104.7676
2024-04-28 05:30:00,421.9,422.2,419.0,419.1,241.1433
2024-04-28 05:45:00,419.1,420.5,419.0,419.8,110.947
2024-04-28 06:00:00,420.0,423.3,420.0,423.2,119.4262
2024-04-28 06:15:00,423.2,423.9,423.2,423.7,70.6848
2024-04-28 06:30:00,423.7,423.9,422.0,422.6,81.3487
2024-04-28 06:45:00,422.6,423.3,421.5,421.9,55.7171
2024-04-28 07:00:00,421.9,423.3,420.9,423.3,125.7692
2024-04-28 07:15:00,423.3,425.6,421.6,425.6,181.2964
2024-04-28 07:30:00,425.6,425.9,422.8,422.8,179.3307
2024-04-28 07:45:00,422.7,424.4,421.9,424.0,179.145
2024-04-28 08:00:00,424.0,425.1,422.9,423.3,63.8596
2024-04-28 08:15:00,423.1,424.0,421.6,422.5,166.6208
2024-04-28 08:30:00,422.5,423.3,419.6,423.3,181.9763
2024-04-28 08:45:00,423.5,426.9,423.2,426.0,203.2312
2024-04-28 09:00:00,426.0,428.0,425.2,427.7,138.1955
2024-04-28 09:15:00,427.3,428.0,425.6,426.3,78.3372
2024-04-28 09:30:00,426.4,428.8,425.7,428.5,105.3001
2024-04-28 09:45:00,428.5,431.2,428.0,430.9,176.7148
2024-04-28 10:00:00,430.7,433.5,430.5,432.2,222.2197
2024-04-28 10:15:00,432.6,432.8,430.0,432.0,108.2565
2024-04-28 10:30:00,431.9,434.4,429.9,434.1,291.318
2024-04-28 10:45:00,433.7,434.1,430.8,431.6,209.006
2024-04-28 11:00:00,432.0,432.5,430.0,430.2,84.4294
2024-04-28 11:15:00,430.2,431.9,430.2,431.1,177.3191
2024-04-28 11:30:00,431.1,434.0,430.4,430.4,212.9766
2024-04-28 11:45:00,430.5,432.4,427.0,429.4,468.5884
2024-04-28 12:00:00,429.4,430.1,427.6,429.4,211.4932
2024-04-28 12:15:00,429.4,432.4,427.5,432.4,191.2256
2024-04-28 12:30:00,432.2,432.6,431.0,431.4,117.5366
2024-04-28 12:45:00,431.2,435.7,431.1,434.5,399.3275
2024-04-28 13:00:00,434.6,436.4,433.0,434.0,146.1743
2024-04-28 13:15:00,434.4,434.9,431.0,431.6,215.6941
2024-04-28 13:30:00,431.6,433.6,431.6,432.7,130.7552
2024-04-28 13:45:00,433.0,437.1,432.3,435.6,233.4482
2024-04-28 14:00:00,435.7,438.4,433.8,437.9,406.4218
2024-04-28 14:15:00,437.9,438.4,435.8,435.8,308.0549
2024-04-28 14:30:00,435.6,438.3,435.6,436.5,296.1593
2024-04-28 14:45:00,436.5,436.5,434.8,436.5,151.7832
2024-04-28 15:00:00,436.5,436.8,433.4,434.4,79.2146
2024-04-28 15:15:00,434.4,434.7,433.3,433.7,95.4761
2024-04-28 15:30:00,433.8,434.0,428.7,429.5,183.0112
2024-04-28 15:45:00,429.4,431.4,428.8,430.1,102.9493
2024-04-28 16:00:00,430.2,433.8,429.5,432.6,202.2158
2024-04-28 16:15:00,432.9,433.6,429.4,430.1,180.5616
2024-04-28 16:30:00,429.9,431.6,428.8,429.1,275.0522
2024-04-28 16:45:00,428.9,430.3,426.9,429.8,273.8281
2024-04-28 17:00:00,429.9,430.9,427.5,427.5,84.7221
2024-04-28 17:15:00,427.7,428.3,424.1,426.1,331.7135
2024-04-28 17:30:00,426.2,427.3,424.5,426.3,199.2252
2024-04-28 17:45:00,426.2,426.2,423.6,425.5,158.4484
2024-04-28 18:00:00,425.6,426.2,424.5,425.5,106.624
2024-04-28 18:15:00,425.5,426.0,423.5,424.8,103.8161
2024-04-28 18:30:00,425.1,430.0,424.7,428.4,378.9944
2024-04-28 18:45:00,428.3,428.4,426.6,427.9,114.327
2024-04-28 19:00:00,427.6,428.6,427.0,428.2,105.5549
2024-04-28 19:15:00,428.1,428.6,426.8,427.5,68.6958
2024-04-28 19:30:00,427.8,429.1,425.6,425.7,294.5897
2024-04-28 19:45:00,425.8,428.7,425.6,428.4,86.0039
2024-04-28 20:00:00,428.5,433.0,427.8,431.4,124.7191
2024-04-28 20:15:00,431.4,435.2,430.4,434.4,207.1635
2024-04-28 20:30:00,434.1,435.0,433.4,434.9,124.4676
2024-04-28 20:45:00,434.0,435.6,433.3,435.2,142.0009
2024-04-28 21:00:00,435.2,435.4,433.2,434.6,303.8147
2024-04-28 21:15:00,434.5,434.6,431.4,433.7,158.1623
2024-04-28 21:30:00,433.6,434.0,430.8,430.8,178.4028
2024-04-28 21:45:00,430.9,433.6,430.4,432.8,113.3667
2024-04-28 22:00:00,432.7,433.8,430.5,432.4,249.4273
2024-04-28 22:15:00,432.3,434.0,430.8,433.9,247.5779
2024-04-28 22:30:00,433.8,435.0,433.2,435.0,159.4998
2024-04-28 22:45:00,434.9,435.0,433.4,434.6,89.3772
2024-04-28 23:00:00,434.6,435.0,433.7,435.0,50.6736
2024-04-28 23:15:00,434.9,435.0,433.0,434.5,228.8289
2024-04-28 23:30:00,434.4,435.0,432.9,433.4,109.4728
2024-04-28 23:45:00,433.4,436.0,433.2,436.0,218.603
2024-04-29 00:00:00,435.9,436.0,435.3,435.9,153.6081
2024-04-29 00:15:00,435.9,436.7,433.9,436.2,240.0074
2024-04-29 00:30:00,436.1,436.3,434.2,434.7,310.4452
2024-04-29 00:45:00,434.6,435.1,433.2,433.3,155.6236
2024-04-29 01:00:00,433.3,434.6,431.6,432.1,154.1131
2024-04-29 01:15:00,432.1,432.3,431.2,432.0,118.8643
2024-04-29 01:30:00,431.8,432.6,430.4,431.5,206.6671
2024-04-29 01:45:00,431.4,435.7,431.2,435.4,150.3916
2024-04-29 02:00:00,435.6,435.8,434.9,435.1,114.717
2024-04-29 02:15:00,435.3,435.7,434.9,435.0,94.3616
2024-04-29 02:30:00,435.1,435.2,433.1,434.3,83.1927
2024-04-29 02:45:00,434.1,435.8,433.6,433.7,46.1835
2024-04-29 03:00:00,433.9,435.3,433.1,433.6,184.0408
2024-04-29 03:15:00,433.6,434.3,432.2,433.6,110.0854
2024-04-29 03:30:00,433.9,435.7,433.7,435.5,94.5267
2024-04-29 03:45:00,435.6,436.3,434.9,435.7,74.5379
2024-04-29 04:00:00,435.7,436.1,434.0,434.2,107.0417
2024-04-29 04:15:00,434.2,435.0,431.9,432.4,143.9614
2024-04-29 04:30:00,432.3,432.7,430.5,430.5,113.7917
2024-04-29 04:45:00,430.6,432.2,430.5,431.0,63.5987
2024-04-29 05:00:00,431.1,432.3,428.7,428.8,204.3765
2024-04-29 05:15:00,429.0,430.3,428.2,428.2,59.3722
2024-04-29 05:30:00,428.3,428.4,424.1,427.0,371.7421
2024-04-29 05:45:00,426.7,427.0,424.5,424.7,277.4202
2024-04-29 06:00:00,424.4,424.6,419.4,420.9,521.1699
2024-04-29 06:15:00,420.8,423.6,420.2,422.8,224.772
2024-04-29 06:30:00,422.8,423.9,419.8,421.4,93.3362
2024-04-29 06:45:00,421.3,424.2,421.1,423.3,139.5172
2024-04-29 07:00:00,423.3,426.6,421.5,426.3,160.2806
2024-04-29 07:15:00,426.3,427.9,425.6,427.0,119.608
2024-04-29 07:30:00,427.1,428.4,426.0,426.8,77.4673
2024-04-29 07:45:00,426.9,428.4,426.8,427.5,76.8713
2024-04-29 08:00:00,427.5,430.5,424.0,427.1,222.6424
2024-04-29 08:15:00,427.3,427.4,423.4,424.4,104.1183
2024-04-29 08:30:00,424.6,427.9,423.5,424.3,169.0401
2024-04-29 08:45:00,424.3,427.4,423.0,427.3,204.4749
2024-04-29 09:00:00,427.4,429.5,426.1,427.8,218.7095
2024-04-29 09:15:00,427.7,427.7,425.1,425.7,165.9409
2024-04-29 09:30:00,425.9,426.6,419.7,422.5,586.4067
2024-04-29 09:45:00,422.3,423.8,419.6,422.8,427.9678
2024-04-29 10:00:00,422.5,423.8,416.7,419.5,555.3255
2024-04-29 10:15:00,419.5,421.5,418.7,420.7,379.5627
2024-04-29 10:30:00,420.5,420.7,419.2,420.6,435.373
2024-04-29 10:45:00,420.7,420.9,415.3,416.1,517.4193
2024-04-29 11:00:00,416.1,419.6,415.1,419.5,148.8882
2024-04-29 11:15:00,419.6,421.6,419.6,420.4,203.7346
2024-04-29 11:30:00,420.8,421.3,419.4,421.0,79.3927
2024-04-29 11:45:00,421.1,421.8,418.2,419.5,319.0773
2024-04-29 12:00:00,419.4,419.6,416.3,417.5,257.9649
2024-04-29 12:15:00,417.5,417.6,412.0,413.5,637.3095
2024-04-29 12:30:00,413.3,417.4,411.8,416.2,610.1975
2024-04-29 12:45:00,416.1,417.0,415.8,416.8,162.5811
2024-04-29 13:00:00,417.1,417.1,412.3,412.6,295.9536
2024-04-29 13:15:00,412.8,414.4,410.2,411.6,641.6548
2024-04-29 13:30:00,411.6,411.6,406.4,408.7,1364.7049
2024-04-29 13:45:00,408.7,410.9,405.6,407.6,825.0427
2024-04-29 14:00:00,407.5,409.2,406.3,409.2,370.0538
2024-04-29 14:15:00,408.9,413.1,408.3,410.8,289.5569
2024-04-29 14:30:00,410.6,411.2,409.4,411.2,115.0765
2024-04-29 14:45:00,411.4,414.7,410.4,414.2,410.8529
2024-04-29 15:00:00,414.4,414.5,411.2,411.7,110.5588
2024-04-29 15:15:00,411.9,411.9,408.9,411.0,289.4028
2024-04-29 15:30:00,411.2,412.0,408.4,410.8,163.1382
2024-04-29 15:45:00,410.9,412.9,409.8,412.8,101.1282
2024-04-29 16:00:00,412.8,414.8,410.7,414.2,246.6729
2024-04-29 16:15:00,414.4,414.5,410.6,410.6,115.2544
2024-04-29 16:30:00,410.5,413.0,406.0,406.5,803.0288
2024-04-29 16:45:00,406.5,415.0,406.1,408.8,679.9002
2024-04-29 17:00:00,408.8,410.8,407.1,408.5,599.4073
2024-04-29 17:15:00,408.4,408.6,402.5,403.6,1229.5173
2024-04-29 17:30:00,403.5,403.8,381.3,387.0,11948.2407
2024-04-29 17:45:00,387.2,395.8,387.0,393.0,1695.1284
2024-04-29 18:00:00,393.0,393.6,389.8,390.9,938.6894
2024-04-29 18:15:00,390.8,398.2,390.3,397.4,635.2801
2024-04-29 18:30:00,397.2,398.5,392.8,398.0,675.4145
2024-04-29 18:45:00,398.0,401.6,394.2,399.1,905.0532
2024-04-29 19:00:00,399.0,400.5,398.2,399.5,336.1487
2024-04-29 19:15:00,399.5,404.5,399.3,404.5,519.2475
2024-04-29 19:30:00,404.3,405.6,399.4,404.3,711.2574
2024-04-29 19:45:00,404.3,404.6,401.7,404.5,357.3626
2024-04-29 20:00:00,404.9,407.2,403.1,403.6,399.2937
2024-04-29 20:15:00,403.6,403.7,396.0,396.7,988.1525
2024-04-29 20:30:00,396.7,398.3,390.1,391.1,968.8126
2024-04-29 20:45:00,391.2,394.7,391.1,392.8,733.3728
2024-04-29 21:00:00,392.7,397.0,388.9,396.4,974.8475
2024-04-29 21:15:00,396.5,400.9,395.3,399.7,811.6515
2024-04-29 21:30:00,400.0,403.5,398.6,399.8,759.5579
2024-04-29 21:45:00,399.4,404.1,398.8,403.4,1028.2989
2024-04-29 22:00:00,403.6,410.0,403.1,405.3,847.5323
2024-04-29 22:15:00,405.1,408.6,404.4,405.1,343.4266
2024-04-29 22:30:00,405.3,407.0,403.8,406.2,417.7148
2024-04-29 22:45:00,406.3,408.6,405.2,408.5,280.055
2024-04-29 23:00:00,408.6,410.4,406.6,408.8,286.2504
2024-04-29 23:15:00,408.8,408.8,405.2,405.7,229.7988
2024-04-29 23:30:00,405.9,405.9,400.1,402.0,412.278
2024-04-29 23:45:00,402.1,403.2,398.6,399.9,813.5958
2024-04-30 00:00:00,399.9,408.0,399.9,404.9,403.4211
2024-04-30 00:15:00,404.5,407.9,403.6,407.1,198.035
2024-04-30 00:30:00,407.2,407.5,404.7,404.8,131.4015
2024-04-30 00:45:00,404.6,405.6,404.1,404.9,151.2545
2024-04-30 01:00:00,404.7,405.9,402.9,403.8,132.6955
2024-04-30 01:15:00,403.8,406.6,402.4,403.8,481.5798
2024-04-30 01:30:00,403.9,404.2,400.8,401.5,212.6746
2024-04-30 01:45:00,401.5,403.7,399.5,402.6,518.4089
2024-04-30 02:00:00,402.1,403.9,400.6,403.2,332.4097
2024-04-30 02:15:00,403.3,403.6,402.8,403.3,240.6985
2024-04-30 02:30:00,403.2,405.5,403.0,404.0,278.9954
2024-04-30 02:45:00,404.1,406.4,404.0,406.3,144.0534
2024-04-30 03:00:00,406.3,409.6,404.6,408.1,196.6204
2024-04-30 03:15:00,407.7,408.3,406.1,406.1,167.7723
2024-04-30 03:30:00,406.3,407.4,404.1,405.8,92.2985
2024-04-30 03:45:00,405.7,405.8,403.7,404.7,157.9042
2024-04-30 04:00:00,404.4,405.1,401.6,401.6,255.6464
2024-04-30 04:15:00,401.6,403.3,401.0,401.8,269.8188
2024-04-30 04:30:00,401.6,401.6,399.2,400.0,358.6878
2024-04-30 04:45:00,400.1,402.0,400.0,401.4,121.7342
2024-04-30 05:00:00,401.4,403.7,401.1,402.6,112.8316
2024-04-30 05:15:00,402.6,406.2,402.0,405.8,320.3979
2024-04-30 05:30:00,405.9,411.0,405.7,408.7,437.5964
2024-04-30 05:45:00,408.9,409.9,408.2,409.0,179.4393
2024-04-30 06:00:00,408.9,410.6,406.9,408.0,843.4678
2024-04-30 06:15:00,408.3,412.0,408.3,408.8,256.4796
2024-04-30 06:30:00,408.9,409.7,405.3,406.0,249.6941
2024-04-30 06:45:00,405.9,406.7,397.8,401.3,1261.4862
2024-04-30 07:00:00,401.3,403.2,395.1,398.1,1574.4282
2024-04-30 07:15:00,398.0,402.7,397.6,402.3,199.5413
2024-04-30 07:30:00,402.6,402.7,400.0,402.1,302.0305
2024-04-30 07:45:00,402.2,406.5,400.7,404.7,453.1687
2024-04-30 08:00:00,404.3,404.3,402.0,402.0,149.0636
2024-04-30 08:15:00,402.0,402.2,400.3,401.0,125.4473
2024-04-30 08:30:00,401.0,401.5,399.4,400.3,140.3765
2024-04-30 08:45:00,400.2,401.3,395.4,395.5,361.1582
2024-04-30 09:00:00,395.5,396.8,392.0,396.6,370.2758
2024-04-30 09:15:00,396.6,399.3,395.8,398.6,394.0345
2024-04-30 09:30:00,398.7,400.9,398.6,399.2,258.1034
2024-04-30 09:45:00,399.0,401.9,395.6,398.4,1203.1537
2024-04-30 10:00:00,398.4,400.6,397.0,399.1,514.7977
2024-04-30 10:15:00,398.9,399.6,397.0,399.2,133.6912
2024-04-30 10:30:00,399.1,400.9,397.4,398.3,148.1242
2024-04-30 10:45:00,398.1,400.1,398.1,398.3,206.8343
2024-04-30 11:00:00,398.5,399.1,397.8,398.3,232.0307
2024-04-30 11:15:00,398.1,398.1,391.6,393.1,847.9225
2024-04-30 11:30:00,393.0,395.3,392.6,394.1,146.4254
2024-04-30 11:45:00,394.0,394.0,390.0,392.6,623.6743
2024-04-30 12:00:00,392.6,393.1,390.5,391.8,198.9218
2024-04-30 12:15:00,391.7,393.4,390.3,391.4,297.5354
2024-04-30 12:30:00,391.6,391.7,388.4,391.0,648.6958
2024-04-30 12:45:00,391.1,392.9,390.8,392.0,162.3027
2024-04-30 13:00:00,392.0,393.2,390.2,393.0,157.9736
2024-04-30 13:15:00,392.7,394.4,392.2,393.7,264.9312
2024-04-30 13:30:00,393.7,394.2,392.8,394.1,219.1036
2024-04-30 13:45:00,393.8,395.4,393.3,393.5,193.5162
2024-04-30 14:00:00,393.6,394.2,391.7,392.5,369.7769
2024-04-30 14:15:00,392.7,392.7,390.9,391.3,191.2941
2024-04-30 14:30:00,391.4,391.5,388.7,389.2,199.7085
2024-04-30 14:45:00,389.2,390.5,388.0,390.2,553.3221
2024-04-30 15:00:00,390.1,390.4,386.0,386.3,384.5007
2024-04-30 15:15:00,386.2,388.8,385.0,385.7,391.5601
2024-04-30 15:30:00,385.6,385.7,381.5,381.7,1085.2519
2024-04-30 15:45:00,381.5,382.4,377.3,379.6,1152.3107
2024-04-30 16:00:00,379.7,386.4,377.1,386.4,826.5475
2024-04-30 16:15:00,386.3,386.6,381.9,383.1,294.3433
2024-04-30 16:30:00,382.9,383.5,378.6,381.3,757.6772
2024-04-30 16:45:00,381.4,383.1,380.3,380.3,411.5569
2024-04-30 17:00:00,380.3,381.9,379.2,381.1,476.1513
2024-04-30 17:15:00,381.1,381.2,379.4,380.5,397.872
2024-04-30 17:30:00,380.3,380.3,375.6,377.2,924.1649
2024-04-30 17:45:00,377.3,379.2,376.2,379.2,418.0649
2024-04-30 18:00:00,379.3,379.3,375.6,376.6,241.501
2024-04-30 18:15:00,376.4,377.9,374.1,374.4,606.4481
2024-04-30 18:30:00,374.5,376.6,372.0,374.0,796.7676
2024-04-30 18:45:00,374.0,375.8,372.4,374.7,552.1073
2024-04-30 19:00:00,374.5,375.7,365.3,372.3,1390.2893
2024-04-30 19:15:00,372.2,378.4,369.5,377.5,730.4077
2024-04-30 19:30:00,377.4,377.4,370.0,371.7,1288.8514
2024-04-30 19:45:00,371.7,373.9,369.7,372.9,701.5227
2024-04-30 20:00:00,372.4,373.8,370.3,373.7,364.2392
2024-04-30 20:15:00,373.4,374.7,372.1,374.2,297.4286
2024-04-30 20:30:00,374.2,375.8,371.1,373.0,478.0642
2024-04-30 20:45:00,373.0,373.7,367.9,370.4,500.7586
2024-04-30 21:00:00,370.2,372.7,367.9,368.1,430.8664
2024-04-30 21:15:00,368.0,376.0,367.5,374.2,1455.6004
2024-04-30 21:30:00,374.3,381.1,374.0,380.5,1845.105
2024-04-30 21:45:00,380.6,382.9,379.1,380.5,714.7429
2024-04-30 22:00:00,380.3,382.0,376.7,378.1,398.0657
2024-04-30 22:15:00,378.2,380.7,374.7,376.0,363.1988
2024-04-30 22:30:00,376.0,376.1,371.2,373.5,539.9859
2024-04-30 22:45:00,373.5,378.1,370.9,375.4,784.2592
2024-04-30 23:00:00,375.6,375.9,369.3,373.5,468.1298
2024-04-30 23:15:00,373.5,373.9,368.0,370.8,641.1666
2024-04-30 23:30:00,370.8,375.8,370.7,374.6,466.1769
2024-04-30 23:45:00,374.6,375.7,373.0,373.7,467.0045
2024-05-01 00:00:00,373.8,374.9,371.6,372.4,663.4187
2024-05-01 00:15:00,372.5,373.7,369.9,372.7,228.5078
2024-05-01 00:30:00,372.7,372.7,368.1,369.6,349.22
2024-05-01 00:45:00,369.8,374.6,369.6,371.6,339.8495
2024-05-01 01:00:00,371.6,373.7,370.4,372.9,226.3175
2024-05-01 01:15:00,372.6,375.3,371.8,373.9,249.4178
2024-05-01 01:30:00,373.7,377.2,373.2,376.6,227.2369
2024-05-01 01:45:00,376.5,378.7,374.6,378.7,281.6972
2024-05-01 02:00:00,378.8,380.9,374.3,374.4,824.423
2024-05-01 02:15:00,374.6,375.6,368.5,372.9,1717.5605
2024-05-01 02:30:00,373.0,375.3,371.9,374.3,396.3217
2024-05-01 02:45:00,374.3,376.2,371.2,371.8,669.9598
2024-05-01 03:00:00,372.2,385.7,372.2,380.7,1218.5189
2024-05-01 03:15:00,380.5,381.7,377.0,379.6,810.229
2024-05-01 03:30:00,379.6,381.4,378.6,379.7,252.793
2024-05-01 03:45:00,379.7,383.5,379.2,381.9,772.2717
2024-05-01 04:00:00,382.0,387.2,381.7,386.0,510.2174
2024-05-01 04:15:00,386.1,387.1,384.5,386.4,290.8088
2024-05-01 04:30:00,386.1,386.1,383.1,384.9,238.141
2024-05-01 04:45:00,385.0,385.0,380.6,382.0,355.9811
2024-05-01 05:00:00,381.8,385.2,381.5,385.0,187.3599
2024-05-01 05:15:00,385.2,385.2,383.6,385.1,323.8134
2024-05-01 05:30:00,385.4,390.3,384.9,387.6,513.5129
2024-05-01 05:45:00,387.3,392.8,385.6,388.7,713.6455
2024-05-01 06:00:00,388.4,388.9,386.0,387.0,185.6575
2024-05-01 06:15:00,386.9,388.3,385.2,386.6,218.8796
2024-05-01 06:30:00,386.5,390.3,386.1,389.6,295.2582
2024-05-01 06:45:00,389.6,390.8,388.0,388.6,274.5264
2024-05-01 07:00:00,388.7,392.6,388.6,389.2,451.8829
2024-05-01 07:15:00,389.3,391.2,388.0,388.4,331.6078
2024-05-01 07:30:00,388.1,388.6,384.1,385.8,342.3093
2024-05-01 07:45:00,386.0,387.9,380.7,383.3,206.1951
2024-05-01 08:00:00,383.2,384.2,380.0,380.8,238.9261
2024-05-01 08:15:00,380.7,386.6,380.3,386.6,261.3999
2024-05-01 08:30:00,386.9,389.5,386.2,386.9,279.0078
2024-05-01 08:45:00,386.7,387.7,385.4,385.7,200.615
2024-05-01 09:00:00,385.8,385.8,377.6,377.8,992.7346
2024-05-01 09:15:00,377.8,381.9,377.8,380.3,206.6735
2024-05-01 09:30:00,380.4,381.2,375.5,375.8,576.8076
2024-05-01 09:45:00,375.7,377.0,373.2,376.7,1301.1382
2024-05-01 10:00:00,376.8,377.8,372.9,373.7,522.0052
2024-05-01 10:15:00,373.6,375.8,372.4,374.8,246.1863
2024-05-01 10:30:00,374.3,377.1,374.0,376.3,154.8183
2024-05-01 10:45:00,376.1,378.2,375.2,376.7,129.0116
2024-05-01 11:00:00,376.6,377.7,375.0,376.7,193.1192
2024-05-01 11:15:00,376.7,377.5,369.6,373.3,1573.5614
2024-05-01 11:30:00,373.4,375.7,372.2,373.0,280.8963
2024-05-01 11:45:00,372.9,374.6,371.2,371.6,398.1549
2024-05-01 12:00:00,372.0,374.0,372.0,372.5,259.2437
2024-05-01 12:15:00,372.8,373.6,370.0,370.5,442.838
2024-05-01 12:30:00,370.7,374.6,370.5,372.2,624.752
2024-05-01 12:45:00,372.5,372.5,370.5,371.2,288.8633
2024-05-01 13:00:00,371.5,372.2,370.0,370.6,265.7246
2024-05-01 13:15:00,370.7,371.0,366.2,367.3,597.6098
2024-05-01 13:30:00,367.4,368.0,364.4,365.4,587.3655
2024-05-01 13:45:00,365.4,365.9,360.6,361.2,820.3874
2024-05-01 14:00:00,360.8,361.5,352.0,354.6,2103.0712
2024-05-01 14:15:00,354.7,357.4,345.5,350.9,3179.962
2024-05-01 14:30:00,350.9,354.5,344.7,348.2,1859.2631
2024-05-01 14:45:00,348.0,350.2,342.1,347.3,1122.0474
2024-05-01 15:00:00,347.7,349.1,343.5,346.6,997.6981
2024-05-01 15:15:00,346.6,347.9,340.5,344.9,1209.4969
2024-05-01 15:30:00,344.9,346.9,340.3,345.4,1936.0779
2024-05-01 15:45:00,345.4,353.3,345.1,352.1,1647.6504
2024-05-01 16:00:00,352.2,360.0,352.0,356.5,979.0569
2024-05-01 16:15:00,356.4,358.6,353.1,355.6,634.7712
2024-05-01 16:30:00,355.6,357.8,355.0,357.2,325.9754
2024-05-01 16:45:00,357.4,358.9,355.0,357.9,681.4776
2024-05-01 17:00:00,357.9,361.2,357.9,360.2,498.8268
2024-05-01 17:15:00,360.2,365.0,359.5,361.6,689.7118
2024-05-01 17:30:00,361.6,363.8,360.3,363.1,533.4533
2024-05-01 17:45:00,363.0,365.0,361.7,362.4,314.0229
2024-05-01 18:00:00,362.2,362.2,357.8,358.4,879.0942
2024-05-01 18:15:00,358.5,360.5,357.5,359.0,183.7836
2024-05-01 18:30:00,358.9,359.5,354.7,357.5,1232.9813
2024-05-01 18:45:00,357.4,361.4,356.4,360.8,290.759
2024-05-01 19:00:00,360.6,365.4,359.4,365.0,339.0188
2024-05-01 19:15:00,364.8,365.9,361.9,363.8,446.0903
2024-05-01 19:30:00,364.0,367.4,363.1,364.4,349.0776
2024-05-01 19:45:00,364.6,365.6,363.1,364.9,238.7131
2024-05-01 20:00:00,364.8,365.9,363.4,363.9,318.2683
2024-05-01 20:15:00,363.8,363.9,360.2,360.4,425.9187
2024-05-01 20:30:00,360.2,362.6,359.1,359.7,403.6697
2024-05-01 20:45:00,359.7,361.3,358.4,359.3,241.6156
2024-05-01 21:00:00,359.6,361.4,358.7,359.5,436.3451
2024-05-01 21:15:00,359.1,360.8,357.6,360.3,253.2513
2024-05-01 21:30:00,360.4,362.2,359.1,360.5,499.6956
2024-05-01 21:45:00,360.4,361.6,359.3,360.5,481.8019
2024-05-01 22:00:00,360.6,360.8,356.3,356.8,370.6855
2024-05-01 22:15:00,356.6,358.7,354.4,357.0,346.0615
2024-05-01 22:30:00,356.9,358.6,356.4,357.5,202.0283
2024-05-01 22:45:00,357.3,358.6,356.0,358.2,374.3183
2024-05-01 23:00:00,358.1,359.4,356.4,358.1,284.4547
2024-05-01 23:15:00,357.8,361.5,357.3,361.2,488.9153
2024-05-01 23:30:00,361.2,362.9,359.3,359.4,267.0296
2024-05-01 23:45:00,359.5,360.6,358.7,359.5,204.3994
2024-05-02 00:00:00,359.4,361.7,358.8,359.5,316.378
2024-05-02 00:15:00,359.7,364.5,358.4,363.0,341.6378
2024-05-02 00:30:00,363.2,367.2,362.7,365.9,367.8467
2024-05-02 00:45:00,365.8,370.1,365.0,368.9,410.404
2024-05-02 01:00:00,368.7,380.1,368.6,379.1,1162.4288
2024-05-02 01:15:00,378.9,380.9,372.4,376.8,690.4583
2024-05-02 01:30:00,376.5,386.6,373.6,385.9,1089.5792
2024-05-02 01:45:00,386.0,391.0,382.8,384.9,1555.8535
2024-05-02 02:00:00,385.0,387.5,380.4,381.7,569.0835
2024-05-02 02:15:00,381.6,383.1,379.2,380.8,368.0463
2024-05-02 02:30:00,380.4,380.6,373.3,376.0,762.474
2024-05-02 02:45:00,376.0,380.1,372.6,374.4,656.1459
2024-05-02 03:00:00,374.3,376.2,373.6,374.2,215.9946
2024-05-02 03:15:00,374.5,376.7,371.1,376.7,303.238
2024-05-02 03:30:00,376.5,379.7,374.7,378.4,237.6075
2024-05-02 03:45:00,378.4,380.2,377.6,378.0,288.4446
2024-05-02 04:00:00,378.0,379.7,376.8,377.7,203.973
2024-05-02 04:15:00,377.4,381.6,376.4,381.6,166.2274
2024-05-02 04:30:00,381.6,382.6,380.3,381.7,283.8932
2024-05-02 04:45:00,381.6,384.4,381.4,382.3,178.6803
2024-05-02 05:00:00,382.3,385.2,381.3,381.4,207.6877
2024-05-02 05:15:00,381.4,382.3,379.9,380.0,204.8033
2024-05-02 05:30:00,380.0,381.2,378.8,379.9,303.1846
2024-05-02 05:45:00,379.8,380.3,378.4,379.2,99.9591
2024-05-02 06:00:00,379.2,380.3,377.5,379.7,115.1654
2024-05-02 06:15:00,379.7,380.0,377.9,378.5,117.8778
2024-05-02 06:30:00,378.5,381.9,378.5,381.4,202.2669
2024-05-02 06:45:00,381.5,383.7,380.9,380.9,208.7111
2024-05-02 07:00:00,380.8,381.6,377.4,377.8,382.0805
2024-05-02 07:15:00,378.0,379.5,376.0,376.7,217.4363
2024-05-02 07:30:00,376.6,377.5,368.5,370.5,1482.528
2024-05-02 07:45:00,370.3,373.1,370.3,372.1,254.4233
2024-05-02 08:00:00,372.1,374.3,371.5,373.2,149.2095
2024-05-02 08:15:00,373.1,373.5,370.1,370.1,126.0351
2024-05-02 08:30:00,370.3,370.4,365.6,368.9,219.6779
2024-05-02 08:45:00,368.9,371.1,367.7,368.9,157.6426
2024-05-02 09:00:00,369.0,372.1,368.7,370.6,167.4129
2024-05-02 09:15:00,370.7,372.3,370.0,371.4,877.7819
2024-05-02 09:30:00,371.2,373.8,370.4,373.7,188.9272
2024-05-02 09:45:00,373.6,375.3,372.6,373.0,99.9702
2024-05-02 10:00:00,373.2,374.9,372.4,374.3,108.7399
2024-05-02 10:15:00,374.3,377.2,373.7,376.9,134.0106
2024-05-02 10:30:00,376.7,382.2,374.9,382.1,937.7271
2024-05-02 10:45:00,382.1,382.1,375.1,376.1,324.7111
2024-05-02 11:00:00,376.2,377.4,375.5,376.3,169.1325
2024-05-02 11:15:00,376.3,377.9,375.3,377.2,132.0471
2024-05-02 11:30:00,377.2,378.3,375.5,376.6,152.8139
2024-05-02 11:45:00,376.7,377.1,373.3,374.6,82.5419
2024-05-02 12:00:00,374.8,375.0,372.1,374.4,82.9842
2024-05-02 12:15:00,374.1,375.3,371.6,371.8,106.1896
2024-05-02 12:30:00,372.0,375.5,371.4,374.8,201.7708
2024-05-02 12:45:00,374.9,376.7,372.1,373.8,253.0548
2024-05-02 13:00:00,373.8,375.5,373.3,373.6,155.0924
2024-05-02 13:15:00,373.5,373.5,370.8,372.4,207.9935
2024-05-02 13:30:00,372.3,372.3,370.3,370.9,131.263
2024-05-02 13:45:00,371.0,372.5,370.8,372.4,107.8666
2024-05-02 14:00:00,372.3,375.2,372.0,374.8,269.194
2024-05-02 14:15:00,374.8,377.5,374.2,375.6,150.9708
2024-05-02 14:30:00,375.6,375.6,374.4,374.5,103.8442
2024-05-02 14:45:00,374.5,374.9,373.4,373.7,80.3057
2024-05-02 15:00:00,373.8,379.0,372.9,377.8,185.2698
2024-05-02 15:15:00,377.7,381.9,377.2,381.8,292.8139
2024-05-02 15:30:00,381.9,382.9,379.3,379.7,272.6952
2024-05-02 15:45:00,379.6,382.6,379.4,381.5,190.8465
2024-05-02 16:00:00,381.6,382.9,379.6,380.1,261.8734
2024-05-02 16:15:00,380.0,383.6,379.6,382.5,233.7297
2024-05-02 16:30:00,382.3,385.2,380.6,383.3,501.1088
2024-05-02 16:45:00,383.1,385.8,382.3,383.8,529.8445
2024-05-02 17:00:00,383.6,385.5,382.2,384.6,160.8541
2024-05-02 17:15:00,384.3,385.8,384.1,385.0,95.2539
2024-05-02 17:30:00,385.0,386.5,384.3,385.7,227.4226
2024-05-02 17:45:00,385.7,390.4,385.5,388.5,622.9186
2024-05-02 18:00:00,388.5,398.9,388.5,397.8,747.3736
2024-05-02 18:15:00,397.6,401.4,394.3,395.5,1057.7966
2024-05-02 18:30:00,395.3,397.9,390.0,397.4,1113.248
2024-05-02 18:45:00,397.4,399.1,395.9,397.6,629.8594
2024-05-02 19:00:00,397.7,400.0,394.7,395.7,858.1157
2024-05-02 19:15:00,395.7,398.3,393.0,393.9,614.272
2024-05-02 19:30:00,393.8,396.2,392.6,394.7,647.4687
2024-05-02 19:45:00,394.6,396.6,394.2,395.1,353.4062
2024-05-02 20:00:00,395.0,398.1,394.2,396.3,377.3891
2024-05-02 20:15:00,396.5,400.3,396.3,399.8,1246.2805
2024-05-02 20:30:00,399.8,402.8,397.2,398.1,821.3675
2024-05-02 20:45:00,398.2,398.5,394.0,394.9,397.6886
2024-05-02 21:00:00,394.8,397.7,394.0,394.8,327.3742
2024-05-02 21:15:00,394.8,398.4,394.3,397.8,223.0483
2024-05-02 21:30:00,397.8,406.7,397.0,405.0,859.512
2024-05-02 21:45:00,405.0,406.6,400.0,405.2,1007.2844
2024-05-02 22:00:00,404.9,412.0,403.3,410.7,928.4756
2024-05-02 22:15:00,410.7,411.8,403.8,407.6,953.8173
2024-05-02 22:30:00,407.7,410.0,406.3,409.3,572.2636
2024-05-02 22:45:00,409.3,409.4,401.2,401.6,863.9517
2024-05-02 23:00:00,401.5,402.3,395.4,397.9,889.4912
2024-05-02 23:15:00,397.9,399.1,396.7,398.0,149.9433
2024-05-02 23:30:00,397.9,399.0,396.2,398.3,192.5236
2024-05-02 23:45:00,398.3,400.3,396.4,398.5,140.3961
2024-05-03 00:00:00,398.5,401.7,397.7,401.1,230.7118
2024-05-03 00:15:00,401.0,407.2,400.6,403.4,364.7858
2024-05-03 00:30:00,402.9,404.2,400.6,402.2,188.9417
2024-05-03 00:45:00,402.3,403.7,401.5,402.9,113.7595
2024-05-03 01:00:00,402.9,405.4,402.2,403.0,205.8265
2024-05-03 01:15:00,403.0,403.0,399.9,400.9,195.7093
2024-05-03 01:30:00,400.7,405.0,399.1,402.0,220.5147
2024-05-03 01:45:00,402.1,405.7,401.2,402.2,182.6348
2024-05-03 02:00:00,402.1,403.2,399.9,401.1,219.2393
2024-05-03 02:15:00,401.1,402.1,400.3,401.5,157.7835
2024-05-03 02:30:00,401.4,402.2,399.5,400.5,179.553
2024-05-03 02:45:00,400.4,402.2,400.0,402.1,109.2766
2024-05-03 03:00:00,401.7,402.2,399.8,401.2,297.6888
2024-05-03 03:15:00,401.1,401.7,398.3,399.1,212.8789
2024-05-03 03:30:00,399.0,399.2,394.0,397.7,434.8099
2024-05-03 03:45:00,397.7,397.7,396.0,396.8,129.1011
2024-05-03 04:00:00,396.9,399.2,396.7,397.7,326.8227
2024-05-03 04:15:00,397.8,399.7,397.6,399.4,77.1678
2024-05-03 04:30:00,399.5,406.7,399.4,404.3,413.7333
2024-05-03 04:45:00,404.1,404.9,403.4,404.5,118.8104
2024-05-03 05:00:00,404.5,409.5,403.7,408.6,356.0765
2024-05-03 05:15:00,408.6,412.9,408.5,411.3,627.4614
2024-05-03 05:30:00,411.3,415.3,408.7,411.4,799.82
2024-05-03 05:45:00,411.3,413.7,407.6,407.9,416.5353
2024-05-03 06:00:00,407.9,408.2,404.4,406.7,396.4813
2024-05-03 06:15:00,406.7,408.2,406.0,408.1,216.2462
2024-05-03 06:30:00,408.0,408.1,405.3,406.3,190.8491
2024-05-03 06:45:00,406.3,406.6,404.2,404.3,178.2545
2024-05-03 07:00:00,404.3,405.6,402.6,405.2,317.5694
2024-05-03 07:15:00,405.3,406.2,403.2,403.4,215.8783
2024-05-03 07:30:00,403.4,403.8,399.6,400.0,425.1508
2024-05-03 07:45:00,400.0,400.9,398.1,399.2,890.2521
2024-05-03 08:00:00,399.3,403.0,399.1,402.3,733.6012
2024-05-03 08:15:00,402.3,405.9,401.7,405.9,261.155
2024-05-03 08:30:00,405.8,408.5,405.5,407.4,320.7226
2024-05-03 08:45:00,407.4,407.5,403.0,404.2,314.3741
2024-05-03 09:00:00,404.1,409.0,402.8,408.0,279.1032
2024-05-03 09:15:00,408.0,408.6,402.8,403.0,270.8888
2024-05-03 09:30:00,403.1,404.7,402.4,403.1,252.9624
2024-05-03 09:45:00,403.1,405.6,402.8,404.2,301.3537
2024-05-03 10:00:00,404.2,406.6,403.8,406.6,220.1174
2024-05-03 10:15:00,406.6,408.3,406.1,406.5,299.5466
2024-05-03 10:30:00,406.6,408.4,405.4,406.6,270.1496
2024-05-03 10:45:00,406.6,408.6,405.9,407.2,369.4345
2024-05-03 11:00:00,407.2,407.5,405.9,406.6,137.8399
2024-05-03 11:15:00,406.7,407.4,405.1,405.1,130.0545
2024-05-03 11:30:00,405.0,405.0,401.9,402.4,156.5443
2024-05-03 11:45:00,402.2,404.9,401.7,403.3,303.5048
2024-05-03 12:00:00,403.4,404.0,401.2,401.4,126.7732
2024-05-03 12:15:00,401.4,403.1,400.5,401.0,336.3798
2024-05-03 12:30:00,401.0,404.9,401.0,404.2,202.8905
2024-05-03 12:45:00,404.2,404.2,400.8,400.9,289.9836
2024-05-03 13:00:00,401.0,401.9,399.3,401.9,341.1884
2024-05-03 13:15:00,401.9,402.0,399.6,401.9,158.8481
2024-05-03 13:30:00,402.0,403.6,399.9,399.9,290.9624
2024-05-03 13:45:00,399.8,401.2,399.3,399.5,168.1243
2024-05-03 14:00:00,399.5,402.3,399.5,402.1,126.2777
2024-05-03 14:15:00,402.2,402.3,401.1,401.2,117.9394
2024-05-03 14:30:00,401.1,401.4,397.7,398.8,235.1024
2024-05-03 14:45:00,398.8,398.8,396.3,397.9,258.0193
2024-05-03 15:00:00,397.8,399.5,397.8,398.4,94.3403
2024-05-03 15:15:00,398.5,400.6,398.4,400.6,287.3618
2024-05-03 15:30:00,400.6,401.6,399.5,400.6,307.0674
2024-05-03 15:45:00,400.7,401.3,399.3,399.6,149.7061
2024-05-03 16:00:00,399.6,401.6,399.2,400.7,184.6624
2024-05-03 16:15:00,400.8,401.6,399.9,400.5,193.6922
2024-05-03 16:30:00,400.4,400.5,398.2,399.6,408.863
2024-05-03 16:45:00,399.6,400.5,398.9,400.4,222.4907
2024-05-03 17:00:00,400.5,401.2,399.4,400.6,168.6697
2024-05-03 17:15:00,400.5,402.7,400.1,400.4,140.0515
2024-05-03 17:30:00,400.5,400.6,393.5,396.4,614.6101
2024-05-03 17:45:00,396.5,397.0,394.5,397.0,399.4403
2024-05-03 18:00:00,397.0,397.1,394.2,394.7,350.3207
2024-05-03 18:15:00,394.8,395.9,394.3,395.2,220.2724
2024-05-03 18:30:00,395.2,395.6,392.7,393.6,220.2419
2024-05-03 18:45:00,393.6,396.5,393.0,395.0,412.3303
2024-05-03 19:00:00,394.9,396.5,393.7,395.7,223.3408
2024-05-03 19:15:00,395.7,397.2,394.7,395.3,104.5335
2024-05-03 19:30:00,395.3,408.3,395.1,407.3,1164.0168
2024-05-03 19:45:00,407.4,410.9,402.2,407.3,1085.6799
2024-05-03 20:00:00,407.4,411.4,406.0,407.7,467.7757
2024-05-03 20:15:00,407.5,413.0,406.6,410.4,1652.8729
2024-05-03 20:30:00,410.3,414.3,409.9,412.2,637.4682
2024-05-03 20:45:00,412.1,416.7,412.0,416.3,1325.222
2024-05-03 21:00:00,416.6,420.0,416.0,416.1,778.2668
2024-05-03 21:15:00,416.0,417.1,411.8,415.2,542.7232
2024-05-03 21:30:00,415.1,418.8,412.8,417.8,339.178
2024-05-03 21:45:00,418.0,420.6,417.4,419.9,551.3801
2024-05-03 22:00:00,419.8,425.6,418.6,420.3,919.2292
2024-05-03 22:15:00,420.0,422.3,419.7,419.7,368.62
2024-05-03 22:30:00,419.9,426.0,419.3,425.9,628.3492
2024-05-03 22:45:00,425.9,434.0,425.9,429.4,843.1007
2024-05-03 23:00:00,429.2,430.8,426.6,428.3,379.2558
2024-05-03 23:15:00,428.1,433.8,426.7,432.9,409.7715
2024-05-03 23:30:00,433.0,435.9,430.2,430.6,570.9017
2024-05-03 23:45:00,430.6,430.9,426.4,428.9,346.8665
2024-05-04 00:00:00,428.8,429.6,427.1,428.4,222.4902
2024-05-04 00:15:00,428.4,431.6,428.4,430.4,317.6062
2024-05-04 00:30:00,430.3,431.4,426.7,426.7,428.5913
2024-05-04 00:45:00,426.7,427.4,422.5,425.0,856.338
2024-05-04 01:00:00,425.0,425.7,420.6,422.1,447.5069
2024-05-04 01:15:00,422.1,423.0,420.2,421.3,398.9007
2024-05-04 01:30:00,421.3,422.0,420.2,420.8,250.3332
2024-05-04 01:45:00,420.7,422.2,420.4,420.4,216.9893
2024-05-04 02:00:00,420.4,421.4,419.2,420.1,301.7975
2024-05-04 02:15:00,420.0,421.0,419.3,419.5,220.3917
2024-05-04 02:30:00,419.4,421.5,419.3,419.4,510.8901
2024-05-04 02:45:00,419.4,420.0,418.4,420.0,186.0381
2024-05-04 03:00:00,419.6,426.2,419.2,425.8,701.0232
2024-05-04 03:15:00,425.7,427.8,424.5,426.9,343.6836
2024-05-04 03:30:00,427.1,428.5,424.2,428.4,318.7806
2024-05-04 03:45:00,428.5,432.4,426.5,427.9,548.5302
2024-05-04 04:00:00,428.1,431.2,427.8,428.9,421.8071
2024-05-04 04:15:00,428.7,429.1,424.5,424.9,425.0879
2024-05-04 04:30:00,425.0,426.1,423.0,424.3,195.3677
2024-05-04 04:45:00,424.5,425.6,424.1,425.5,119.0566
2024-05-04 05:00:00,425.6,426.9,424.7,426.9,191.2702
2024-05-04 05:15:00,427.0,427.6,425.5,427.4,192.4036
2024-05-04 05:30:00,427.4,432.5,426.2,429.1,770.6408
2024-05-04 05:45:00,429.1,430.2,427.7,430.0,158.3998
2024-05-04 06:00:00,430.1,430.5,428.9,429.4,165.9227
2024-05-04 06:15:00,429.4,430.4,424.8,430.3,211.2879
2024-05-04 06:30:00,430.2,431.0,427.0,427.6,114.2733
2024-05-04 06:45:00,427.4,427.8,424.9,425.6,106.4953
2024-05-04 07:00:00,425.6,426.4,424.4,426.1,151.4187
2024-05-04 07:15:00,426.0,428.6,425.7,426.3,149.811
2024-05-04 07:30:00,426.2,429.4,426.2,428.8,119.6403
2024-05-04 07:45:00,428.9,431.1,428.0,428.9,310.9461
2024-05-04 08:00:00,428.5,428.5,426.3,427.5,71.035
2024-05-04 08:15:00,427.6,443.7,427.5,435.7,1262.1579
2024-05-04 08:30:00,435.6,436.0,430.8,430.8,123.3154
2024-05-04 08:45:00,430.8,439.8,426.2,426.7,353.9697
2024-05-04 09:00:00,426.1,426.7,423.1,425.7,160.7885
2024-05-04 09:15:00,425.9,430.4,425.6,429.9,203.0683
2024-05-04 09:30:00,430.0,433.1,428.7,430.0,277.0895
2024-05-04 09:45:00,430.1,430.4,426.8,429.2,101.9643
2024-05-04 10:00:00,429.1,431.7,428.3,431.7,74.819
2024-05-04 10:15:00,431.7,434.1,431.1,431.9,99.995
2024-05-04 10:30:00,431.9,433.4,431.2,433.1,79.0165
2024-05-04 10:45:00,433.1,433.5,431.2,432.4,160.1395
2024-05-04 11:00:00,432.6,437.7,431.9,436.5,237.8433
2024-05-04 11:15:00,436.5,436.5,433.8,434.6,180.1817
2024-05-04 11:30:00,434.6,435.3,431.3,432.6,239.9857
2024-05-04 11:45:00,432.7,437.8,432.3,436.7,285.02
2024-05-04 12:00:00,436.8,437.6,435.1,435.8,126.8188
2024-05-04 12:15:00,435.5,436.1,431.3,432.6,525.4261
2024-05-04 12:30:00,432.4,434.9,432.4,433.7,150.9012
2024-05-04 12:45:00,433.7,434.4,431.8,434.4,111.4608
2024-05-04 13:00:00,434.4,434.4,431.0,432.8,186.5753
2024-05-04 13:15:00,432.9,433.8,432.3,432.5,76.6465
2024-05-04 13:30:00,432.6,432.8,430.0,430.2,189.0441
2024-05-04 13:45:00,430.2,440.0,429.1,437.8,1428.0242
2024-05-04 14:00:00,437.8,444.7,429.8,429.8,1732.4452
2024-05-04 14:15:00,429.7,433.6,429.5,432.9,213.6515
2024-05-04 14:30:00,432.8,433.4,430.5,432.6,159.543
2024-05-04 14:45:00,432.4,432.8,431.7,431.9,58.6958
2024-05-04 15:00:00,431.6,437.4,431.4,436.9,155.4721
2024-05-04 15:15:00,436.9,440.7,436.3,439.6,444.7044
2024-05-04 15:30:00,439.7,440.4,438.8,439.4,131.2768
2024-05-04 15:45:00,439.5,439.9,437.5,437.6,142.8015
2024-05-04 16:00:00,437.7,441.1,437.5,440.2,180.4115
2024-05-04 16:15:00,440.2,441.7,439.6,440.7,132.9367
2024-05-04 16:30:00,440.5,441.7,436.7,436.7,201.3838
2024-05-04 16:45:00,436.8,437.4,435.4,436.2,132.2285
2024-05-04 17:00:00,436.2,439.2,435.2,437.4,197.3254
2024-05-04 17:15:00,437.4,441.4,436.1,441.3,233.2491
2024-05-04 17:30:00,441.2,447.0,441.2,446.5,964.9869
2024-05-04 17:45:00,446.5,454.0,445.3,453.4,1560.1286
2024-05-04 18:00:00,453.2,455.4,452.0,452.2,1053.6788
2024-05-04 18:15:00,452.2,453.9,452.0,452.9,499.6457
2024-05-04 18:30:00,452.9,453.4,449.4,450.2,513.8721
2024-05-04 18:45:00,449.8,451.2,442.2,445.7,464.5059
2024-05-04 19:00:00,445.6,447.2,443.8,445.7,486.2835
2024-05-04 19:15:00,445.8,448.2,444.5,447.1,194.638
2024-05-04 19:30:00,447.3,453.4,446.6,452.8,423.8539
2024-05-04 19:45:00,452.5,455.8,449.4,449.7,1042.145
2024-05-04 20:00:00,449.9,452.4,446.7,449.8,394.6498
2024-05-04 20:15:00,449.5,450.9,448.4,448.8,203.8707
2024-05-04 20:30:00,448.9,455.3,448.1,448.3,1950.393
2024-05-04 20:45:00,448.3,451.9,448.0,450.7,268.927
2024-05-04 21:00:00,450.7,450.9,447.3,449.3,352.3747
2024-05-04 21:15:00,449.6,452.4,448.7,452.4,180.0374
2024-05-04 21:30:00,452.2,458.2,452.1,456.7,631.7843
2024-05-04 21:45:00,456.8,459.3,453.4,455.5,632.3382
2024-05-04 22:00:00,455.5,455.5,452.3,453.0,340.3643
2024-05-04 22:15:00,452.8,454.0,448.7,449.0,214.991
2024-05-04 22:30:00,449.0,449.5,445.6,447.8,282.7627
2024-05-04 22:45:00,447.9,450.2,447.6,449.0,150.2746
2024-05-04 23:00:00,449.2,449.7,443.3,443.9,313.9758
2024-05-04 23:15:00,444.1,448.3,443.8,446.7,314.1603
2024-05-04 23:30:00,446.7,451.2,446.7,450.0,272.6834
2024-05-04 23:45:00,450.1,452.6,449.3,449.5,138.4009
2024-05-05 00:00:00,449.5,449.6,445.8,448.1,297.3522
2024-05-05 00:15:00,448.4,449.0,446.3,448.4,228.1182
2024-05-05 00:30:00,448.4,448.7,447.2,447.5,110.1855
2024-05-05 00:45:00,447.6,449.7,447.3,449.6,106.8683
2024-05-05 01:00:00,449.6,451.0,449.0,450.6,83.7527
2024-05-05 01:15:00,450.3,453.3,449.7,452.7,134.7527
2024-05-05 01:30:00,452.7,456.5,452.5,456.1,223.6351
2024-05-05 01:45:00,456.1,456.1,453.1,453.8,79.9912
2024-05-05 02:00:00,453.8,457.4,453.5,454.3,390.6585
2024-05-05 02:15:00,454.0,457.9,454.0,457.5,220.8123
2024-05-05 02:30:00,457.6,458.8,455.8,458.0,331.3011
2024-05-05 02:45:00,458.0,462.5,457.6,461.1,612.0679
2024-05-05 03:00:00,461.2,469.9,461.2,469.6,985.1108
2024-05-05 03:15:00,469.4,470.0,461.0,461.2,512.7963
2024-05-05 03:30:00,461.3,461.3,454.8,458.1,502.2492
2024-05-05 03:45:00,458.1,459.9,456.7,457.2,183.9524
2024-05-05 04:00:00,457.3,459.4,454.8,454.8,190.6409
2024-05-05 04:15:00,455.0,457.5,454.4,455.9,177.9644
2024-05-05 04:30:00,455.9,456.8,452.4,454.1,311.1944
2024-05-05 04:45:00,454.0,456.7,453.4,453.9,167.4916
2024-05-05 05:00:00,453.9,454.8,450.6,451.2,305.4114
2024-05-05 05:15:00,451.2,451.2,447.5,448.5,333.7519
2024-05-05 05:30:00,448.5,450.5,447.1,447.1,176.5338
2024-05-05 05:45:00,447.3,448.7,447.1,448.5,112.516
2024-05-05 06:00:00,448.4,449.5,447.9,448.6,94.7486
2024-05-05 06:15:00,448.6,449.8,448.0,448.8,174.5606
2024-05-05 06:30:00,448.7,449.0,444.3,444.9,240.9164
2024-05-05 06:45:00,445.1,447.1,445.1,446.6,106.2572
2024-05-05 07:00:00,446.6,448.6,446.3,447.9,148.7655
2024-05-05 07:15:00,447.9,452.9,447.6,449.3,484.9242
2024-05-05 07:30:00,449.0,449.2,443.0,443.2,195.3635
2024-05-05 07:45:00,443.0,444.4,439.7,442.6,861.3849
2024-05-05 08:00:00,442.7,442.7,438.6,438.9,178.8041
2024-05-05 08:15:00,438.7,438.9,432.9,434.3,429.2625
2024-05-05 08:30:00,434.5,435.3,430.2,430.8,394.468
2024-05-05 08:45:00,430.7,438.0,430.4,437.6,352.2116
2024-05-05 09:00:00,437.6,441.6,436.3,438.7,289.4328
2024-05-05 09:15:00,438.7,440.7,437.6,439.7,185.0613
2024-05-05 09:30:00,439.9,440.9,435.4,435.7,160.2388
2024-05-05 09:45:00,435.8,437.0,434.1,434.1,184.6142
2024-05-05 10:00:00,434.4,437.1,434.2,436.1,121.2046
2024-05-05 10:15:00,436.1,437.2,432.9,433.1,350.0706
2024-05-05 10:30:00,433.0,433.6,431.1,433.3,494.5696
2024-05-05 10:45:00,433.2,435.3,433.2,433.8,161.7847
2024-05-05 11:00:00,433.7,436.6,433.7,434.9,232.2252
2024-05-05 11:15:00,434.9,435.9,433.1,435.6,183.7036
2024-05-05 11:30:00,435.7,436.0,434.0,434.4,152.0429
2024-05-05 11:45:00,434.5,434.6,433.1,433.7,81.6505
2024-05-05 12:00:00,433.5,436.0,433.5,435.1,84.5528
2024-05-05 12:15:00,435.2,435.3,432.1,432.6,129.0327
2024-05-05 12:30:00,432.9,434.2,429.9,432.0,686.3592
2024-05-05 12:45:00,431.9,433.2,431.4,432.2,116.8598
2024-05-05 13:00:00,432.2,433.6,430.5,433.6,195.0049
2024-05-05 13:15:00,433.6,437.5,433.3,435.6,263.0018
2024-05-05 13:30:00,435.7,436.8,434.4,436.5,98.2478
2024-05-05 13:45:00,436.6,436.6,433.8,433.8,88.1643
2024-05-05 14:00:00,434.1,435.7,434.0,435.5,211.8663
2024-05-05 14:15:00,435.4,439.4,435.4,439.0,308.7904
2024-05-05 14:30:00,438.9,443.6,438.6,443.0,271.5813
2024-05-05 14:45:00,443.1,443.7,440.8,441.2,204.6279
2024-05-05 15:00:00,441.0,441.2,438.7,440.6,247.077
2024-05-05 15:15:00,440.6,444.1,440.4,443.9,163.5193
2024-05-05 15:30:00,444.0,444.0,439.5,442.9,146.0696
2024-05-05 15:45:00,442.8,445.0,441.6,441.6,196.0778
2024-05-05 16:00:00,441.8,442.1,439.6,440.1,99.7022
2024-05-05 16:15:00,440.0,441.6,439.2,439.9,150.1385
2024-05-05 16:30:00,440.0,440.9,438.7,440.1,153.917
2024-05-05 16:45:00,440.2,441.3,439.8,439.8,128.9201
2024-05-05 17:00:00,439.8,442.3,439.1,441.3,123.7014
2024-05-05 17:15:00,441.3,441.5,440.4,440.8,107.7159
2024-05-05 17:30:00,440.8,440.8,438.8,439.4,211.5887
2024-05-05 17:45:00,439.4,439.8,437.4,438.9,180.383
2024-05-05 18:00:00,439.1,439.6,437.7,438.9,202.7683
2024-05-05 18:15:00,439.0,441.2,438.8,440.5,200.1366
2024-05-05 18:30:00,440.7,441.9,438.5,438.9,205.6244
2024-05-05 18:45:00,438.9,439.5,437.2,438.1,153.9965
2024-05-05 19:00:00,438.0,438.4,435.6,435.7,176.1242
2024-05-05 19:15:00,435.6,437.3,435.2,436.2,150.4932
2024-05-05 19:30:00,436.2,439.0,434.8,437.7,368.8759
2024-05-05 19:45:00,437.8,438.3,435.6,436.1,219.871
2024-05-05 20:00:00,436.2,436.6,433.9,436.3,101.2691
2024-05-05 20:15:00,436.1,441.2,435.8,438.8,275.0394
2024-05-05 20:30:00,439.0,439.5,436.0,439.4,158.8919
2024-05-05 20:45:00,439.6,442.4,438.4,442.1,352.7661
2024-05-05 21:00:00,441.7,441.7,437.7,438.8,139.5461
2024-05-05 21:15:00,438.5,439.1,437.3,438.2,82.0694
2024-05-05 21:30:00,438.2,442.9,438.2,442.1,184.7035
2024-05-05 21:45:00,442.1,454.2,441.9,454.0,1596.4921
2024-05-05 22:00:00,454.1,460.0,453.0,456.9,1567.8008
2024-05-05 22:15:00,457.2,458.0,455.7,456.8,694.7262
2024-05-05 22:30:00,456.8,459.0,455.0,457.0,517.0212
2024-05-05 22:45:00,456.8,457.1,455.0,455.4,261.1665
2024-05-05 23:00:00,455.4,458.8,455.0,458.7,357.1511
2024-05-05 23:15:00,458.8,459.9,456.3,459.4,984.7302
2024-05-05 23:30:00,459.4,459.9,458.4,458.9,277.0517
2024-05-05 23:45:00,458.9,459.9,458.4,459.9,604.7892
2024-05-06 00:00:00,459.8,470.6,459.8,467.8,1296.9783
2024-05-06 00:15:00,467.8,474.8,466.2,473.6,1104.6032
2024-05-06 00:30:00,473.6,478.8,470.4,471.3,1377.6188
2024-05-06 00:45:00,471.4,472.8,466.6,468.0,606.8638
2024-05-06 01:00:00,467.9,469.1,462.7,463.9,1195.1664
2024-05-06 01:15:00,463.7,465.7,459.3,464.5,771.6063
2024-05-06 01:30:00,464.4,465.1,458.3,459.6,754.7424
2024-05-06 01:45:00,459.8,460.6,457.8,459.6,216.6996
2024-05-06 02:00:00,459.6,462.5,459.3,462.1,243.2028
2024-05-06 02:15:00,462.1,464.5,461.0,464.5,309.4123
2024-05-06 02:30:00,464.5,464.9,463.0,463.4,190.1847
2024-05-06 02:45:00,463.2,465.6,463.1,464.6,204.3078
2024-05-06 03:00:00,464.6,465.7,460.1,461.3,373.4251
2024-05-06 03:15:00,461.1,461.4,454.0,456.4,797.5338
2024-05-06 03:30:00,456.2,457.1,454.1,455.3,175.295
2024-05-06 03:45:00,455.4,456.3,453.8,455.1,221.7311
2024-05-06 04:00:00,455.1,455.6,450.5,452.5,353.0603
2024-05-06 04:15:00,452.3,453.9,451.6,453.8,133.2777
2024-05-06 04:30:00,453.7,455.1,452.5,454.6,144.0429
2024-05-06 04:45:00,454.6,454.8,452.4,453.9,119.8234
2024-05-06 05:00:00,453.9,456.5,453.4,456.0,144.5599
2024-05-06 05:15:00,455.9,455.9,452.5,453.8,153.2712
2024-05-06 05:30:00,453.4,453.6,452.2,452.3,98.1928
2024-05-06 05:45:00,452.4,454.0,451.8,453.6,74.4994
2024-05-06 06:00:00,453.7,457.2,453.2,456.5,206.9108
2024-05-06 06:15:00,456.6,457.8,454.6,457.2,169.6064
2024-05-06 06:30:00,457.2,458.2,454.5,454.5,153.0173
2024-05-06 06:45:00,454.7,455.7,453.3,455.4,99.1504
2024-05-06 07:00:00,455.2,457.4,455.2,457.0,158.8876
2024-05-06 07:15:00,457.2,462.3,456.5,459.9,499.9111
2024-05-06 07:30:00,460.0,463.6,460.0,462.0,201.3249
2024-05-06 07:45:00,461.8,464.9,460.6,463.0,424.3769
2024-05-06 08:00:00,462.9,468.2,462.6,467.6,201.15
2024-05-06 08:15:00,467.7,473.3,467.2,468.1,944.7932
2024-05-06 08:30:00,468.0,469.1,465.9,468.4,315.7177
2024-05-06 08:45:00,468.4,468.4,466.0,466.6,125.0107
2024-05-06 09:00:00,466.5,472.2,465.8,470.2,674.6276
2024-05-06 09:15:00,470.2,470.8,466.9,467.7,237.1005
2024-05-06 09:30:00,467.5,468.4,464.3,467.2,385.7952
2024-05-06 09:45:00,467.0,467.5,458.6,458.6,880.051
2024-05-06 10:00:00,458.6,462.6,458.0,459.2,263.0108
2024-05-06 10:15:00,459.1,463.4,458.6,462.6,171.963
2024-05-06 10:30:00,462.6,464.3,462.5,463.1,106.0104
2024-05-06 10:45:00,463.1,465.7,461.6,461.6,170.8097
2024-05-06 11:00:00,461.7,461.8,457.6,458.8,126.3491
2024-05-06 11:15:00,458.7,461.2,457.1,458.3,197.325
2024-05-06 11:30:00,458.3,462.0,458.3,461.7,116.6481
2024-05-06 11:45:00,461.7,466.7,461.0,464.6,650.66
2024-05-06 12:00:00,464.5,465.1,461.6,461.9,153.751
2024-05-06 12:15:00,461.8,471.0,460.9,469.3,454.3313
2024-05-06 12:30:00,469.1,472.5,466.4,472.4,303.4709
2024-05-06 12:45:00,472.5,473.2,469.7,472.4,357.6954
2024-05-06 13:00:00,472.4,477.0,471.9,476.7,323.0759
2024-05-06 13:15:00,476.4,477.2,469.3,470.1,316.9962
2024-05-06 13:30:00,470.1,471.0,467.3,467.5,233.3932
2024-05-06 13:45:00,467.6,470.0,465.6,467.9,505.0413
2024-05-06 14:00:00,467.6,471.9,467.4,469.6,449.3907
2024-05-06 14:15:00,469.7,471.8,468.4,471.5,294.2612
2024-05-06 14:30:00,471.5,474.0,470.0,470.7,382.4742
2024-05-06 14:45:00,470.7,473.5,468.5,471.6,358.1468
2024-05-06 15:00:00,471.6,476.5,470.5,476.0,420.3595
2024-05-06 15:15:00,476.0,485.9,475.0,483.0,1058.5294
2024-05-06 15:30:00,483.4,488.4,483.4,484.5,935.9915
2024-05-06 15:45:00,484.4,484.7,477.0,479.4,849.9889
2024-05-06 16:00:00,479.3,482.0,479.0,481.2,316.1192
2024-05-06 16:15:00,480.8,482.2,475.6,475.7,424.921
2024-05-06 16:30:00,475.7,476.6,473.2,475.6,304.1333
2024-05-06 16:45:00,475.4,481.6,475.4,478.0,296.4776
2024-05-06 17:00:00,478.2,481.0,475.8,479.9,244.2522
2024-05-06 17:15:00,479.8,480.0,471.5,472.2,380.1941
2024-05-06 17:30:00,472.0,473.2,465.2,465.8,605.1187
2024-05-06 17:45:00,465.8,467.6,459.7,463.1,1089.5848
2024-05-06 18:00:00,463.1,470.4,462.5,470.0,638.2749
2024-05-06 18:15:00,470.5,470.8,466.1,467.6,205.4744
2024-05-06 18:30:00,467.6,470.8,465.4,467.2,328.8064
2024-05-06 18:45:00,466.8,470.7,466.8,469.9,149.3566
2024-05-06 19:00:00,470.0,471.7,468.5,469.7,312.5408
2024-05-06 19:15:00,469.5,469.5,457.7,458.9,2187.5111
2024-05-06 19:30:00,458.9,458.9,453.2,454.7,1072.0697
2024-05-06 19:45:00,454.7,454.7,445.0,452.3,1744.7282
2024-05-06 20:00:00,452.3,453.5,448.9,452.1,542.0627
2024-05-06 20:15:00,452.2,452.3,448.4,449.7,292.934
2024-05-06 20:30:00,449.7,460.0,449.3,459.2,718.6817
2024-05-06 20:45:00,459.2,459.3,455.9,458.1,308.0396
2024-05-06 21:00:00,457.8,461.8,457.6,460.1,568.6984
2024-05-06 21:15:00,460.2,460.2,456.5,456.8,510.8548
2024-05-06 21:30:00,456.8,456.8,450.0,452.4,567.3391
2024-05-06 21:45:00,452.3,452.7,445.7,445.9,786.1894
2024-05-06 22:00:00,446.0,447.8,443.1,444.1,797.233
2024-05-06 22:15:00,444.1,449.4,443.7,448.6,515.3428
2024-05-06 22:30:00,448.4,450.1,440.0,450.0,1225.1177
2024-05-06 22:45:00,450.0,451.6,448.0,450.6,265.9091
2024-05-06 23:00:00,450.5,452.8,448.2,452.8,318.8385
2024-05-06 23:15:00,452.8,452.8,446.3,446.3,203.7878
2024-05-06 23:30:00,446.3,447.0,442.6,443.2,562.8537
2024-05-06 23:45:00,442.9,443.5,440.3,441.1,317.8854
2024-05-07 00:00:00,441.1,445.9,440.6,445.5,452.9996
2024-05-07 00:15:00,445.5,447.2,442.5,443.2,203.1024
2024-05-07 00:30:00,443.2,444.0,438.4,438.9,436.3959
2024-05-07 00:45:00,439.2,444.1,439.0,442.7,308.5717
2024-05-07 01:00:00,442.9,445.9,442.4,445.2,242.8922
2024-05-07 01:15:00,445.0,446.1,442.6,445.8,162.8588
2024-05-07 01:30:00,445.8,449.2,443.1,447.3,416.6895
2024-05-07 01:45:00,447.2,449.6,446.8,448.0,156.4952
2024-05-07 02:00:00,448.0,448.8,444.2,444.4,130.0172
2024-05-07 02:15:00,444.2,445.6,440.5,443.8,999.2118
2024-05-07 02:30:00,443.7,444.4,440.6,443.1,258.7061
2024-05-07 02:45:00,443.0,444.9,442.9,444.6,84.4116
2024-05-07 03:00:00,444.6,444.9,442.1,442.9,219.8814
2024-05-07 03:15:00,443.0,446.7,443.0,446.7,297.3889
2024-05-07 03:30:00,446.6,447.0,445.2,445.8,125.0743
2024-05-07 03:45:00,445.9,446.7,445.2,446.2,114.155
2024-05-07 04:00:00,446.1,447.0,445.3,446.7,95.6328
2024-05-07 04:15:00,446.6,446.6,443.3,444.7,157.4847
2024-05-07 04:30:00,444.7,446.0,443.9,446.0,99.2018
2024-05-07 04:45:00,446.0,446.3,444.5,445.9,143.7426
2024-05-07 05:00:00,445.8,445.8,442.2,442.5,147.2049
2024-05-07 05:15:00,442.5,445.3,442.3,444.2,220.3267
2024-05-07 05:30:00,444.2,445.5,442.8,443.4,213.3302
2024-05-07 05:45:00,443.5,444.1,443.1,444.1,30.8697
2024-05-07 06:00:00,444.3,444.9,441.5,441.7,148.8743
2024-05-07 06:15:00,441.6,442.4,439.5,442.3,188.9406
2024-05-07 06:30:00,442.3,442.3,440.3,441.1,183.5029
2024-05-07 06:45:00,441.1,442.2,440.9,441.8,71.0102
2024-05-07 07:00:00,442.0,445.4,441.3,442.3,245.9636
2024-05-07 07:15:00,442.3,447.5,439.7,446.7,328.9103
2024-05-07 07:30:00,446.9,451.1,446.5,448.9,350.2365
2024-05-07 07:45:00,448.7,450.1,446.0,448.0,163.9912
2024-05-07 08:00:00,447.9,452.3,446.9,451.3,164.2582
2024-05-07 08:15:00,451.6,452.0,448.8,449.2,53.6155
2024-05-07 08:30:00,449.0,453.5,449.0,452.4,138.8956
2024-05-07 08:45:00,452.5,454.2,452.2,452.6,122.3496
2024-05-07 09:00:00,452.6,452.6,449.3,449.6,138.0325
2024-05-07 09:15:00,449.4,450.0,446.7,449.2,136.8737
2024-05-07 09:30:00,449.3,449.3,445.9,445.9,138.0843
2024-05-07 09:45:00,446.0,448.4,446.0,448.4,128.2808
2024-05-07 10:00:00,448.4,448.8,444.9,445.2,279.3852
2024-05-07 10:15:00,445.2,446.0,432.5,433.7,1156.8087
2024-05-07 10:30:00,433.5,437.7,431.9,437.3,576.1142
2024-05-07 10:45:00,437.4,439.8,436.3,439.5,269.2468
2024-05-07 11:00:00,439.5,441.6,436.1,439.4,284.3833
2024-05-07 11:15:00,439.5,443.2,438.7,442.7,80.686
2024-05-07 11:30:00,442.6,442.6,435.9,436.3,122.5359
2024-05-07 11:45:00,436.4,438.0,434.9,437.7,266.184
2024-05-07 12:00:00,437.7,438.2,436.7,437.8,95.6669
2024-05-07 12:15:00,437.8,437.8,435.6,435.9,67.2139
2024-05-07 12:30:00,435.6,437.3,430.8,436.0,488.8902
2024-05-07 12:45:00,435.9,437.3,435.0,436.5,149.9643
2024-05-07 13:00:00,436.4,437.8,434.4,434.6,239.4298
2024-05-07 13:15:00,434.6,437.2,434.6,436.0,283.5327
2024-05-07 13:30:00,435.8,437.8,433.9,436.9,142.8425
2024-05-07 13:45:00,436.8,437.6,436.3,436.3,55.7235
2024-05-07 14:00:00,436.1,438.2,435.8,437.3,163.4335
2024-05-07 14:15:00,437.3,437.3,432.2,432.4,1553.3307
2024-05-07 14:30:00,432.4,433.5,430.2,432.9,653.8966
2024-05-07 14:45:00,432.8,433.2,431.8,432.4,177.7601
2024-05-07 15:00:00,432.4,437.1,431.0,436.1,744.862
2024-05-07 15:15:00,436.2,440.6,434.4,439.6,649.6149
2024-05-07 15:30:00,439.8,441.3,438.1,439.0,317.9151
2024-05-07 15:45:00,438.7,466.1,438.7,450.3,3555.1155
2024-05-07 16:00:00,450.4,455.3,450.1,453.4,943.8301
2024-05-07 16:15:00,453.5,455.1,448.6,449.7,590.7698
2024-05-07 16:30:00,449.7,450.3,446.6,449.7,307.2332
2024-05-07 16:45:00,449.7,450.0,445.1,445.1,398.3079
2024-05-07 17:00:00,445.2,446.0,437.8,438.1,514.9742
2024-05-07 17:15:00,438.5,441.3,437.7,440.7,348.8334
2024-05-07 17:30:00,440.8,443.3,439.9,443.3,150.0939
2024-05-07 17:45:00,443.3,445.6,441.4,445.0,258.19
2024-05-07 18:00:00,445.0,445.6,443.4,445.4,312.3181
2024-05-07 18:15:00,445.7,447.1,444.2,444.3,120.3354
2024-05-07 18:30:00,444.2,444.9,437.7,439.4,630.0692
2024-05-07 18:45:00,439.3,439.3,435.0,436.0,604.3518
2024-05-07 19:00:00,436.1,438.1,435.9,438.0,245.2195
2024-05-07 19:15:00,438.1,438.2,436.0,437.7,336.9497
2024-05-07 19:30:00,437.7,442.2,437.6,440.0,308.5361
2024-05-07 19:45:00,440.2,444.1,439.7,443.4,394.7009
2024-05-07 20:00:00,443.4,446.0,441.9,445.2,422.7465
2024-05-07 20:15:00,445.2,447.0,442.1,444.8,223.8936
2024-05-07 20:30:00,444.7,447.3,442.6,443.3,246.1929
2024-05-07 20:45:00,443.3,444.6,437.1,440.0,478.2332
2024-05-07 21:00:00,440.2,441.9,438.3,439.0,173.6867
2024-05-07 21:15:00,439.0,440.9,437.5,437.9,153.1403
2024-05-07 21:30:00,437.8,442.0,436.2,441.3,176.7512
2024-05-07 21:45:00,441.2,444.8,439.4,444.2,610.3391
2024-05-07 22:00:00,444.2,448.9,441.0,441.6,361.7934
2024-05-07 22:15:00,441.8,443.6,440.0,441.6,152.6688
2024-05-07 22:30:00,441.4,441.6,438.5,440.2,136.5021
2024-05-07 22:45:00,440.2,441.3,438.7,439.2,101.2938
2024-05-07 23:00:00,439.4,441.0,438.4,439.6,223.0696
2024-05-07 23:15:00,439.7,439.8,438.0,438.9,107.972
2024-05-07 23:30:00,438.7,439.3,436.9,438.9,111.1216
2024-05-07 23:45:00,438.9,442.4,438.3,441.5,285.8403
2024-05-08 00:00:00,441.5,441.5,438.4,441.1,150.4825
2024-05-08 00:15:00,440.8,441.2,439.2,439.4,114.1855
2024-05-08 00:30:00,439.4,442.1,438.8,441.6,105.7064
2024-05-08 00:45:00,441.5,441.9,438.7,439.7,163.1082
2024-05-08 01:00:00,439.5,439.5,436.8,436.8,63.1272
2024-05-08 01:15:00,437.0,438.1,436.0,436.1,118.4849
2024-05-08 01:30:00,436.2,436.5,430.0,433.3,1444.8187
2024-05-08 01:45:00,433.3,437.0,431.3,435.9,296.7653
2024-05-08 02:00:00,436.1,437.0,434.3,434.3,109.9401
2024-05-08 02:15:00,434.4,434.6,432.4,434.2,94.8342
2024-05-08 02:30:00,434.1,434.7,432.7,434.1,107.5055
2024-05-08 02:45:00,433.9,434.6,432.7,433.3,168.9838
2024-05-08 03:00:00,433.3,435.2,432.5,434.5,80.9741
2024-05-08 03:15:00,434.6,435.7,432.5,432.8,118.7867
2024-05-08 03:30:00,432.9,433.2,428.2,430.6,811.5448
2024-05-08 03:45:00,430.7,431.5,428.4,430.5,314.4527
2024-05-08 04:00:00,430.6,430.6,428.4,428.7,240.9846
2024-05-08 04:15:00,428.5,429.9,427.1,429.9,372.1283
2024-05-08 04:30:00,429.8,430.4,425.1,425.2,449.3469
2024-05-08 04:45:00,425.1,425.3,422.8,425.2,429.1564
2024-05-08 05:00:00,425.0,426.1,421.0,421.1,343.531
2024-05-08 05:15:00,421.0,423.7,421.0,423.7,267.5547
2024-05-08 05:30:00,423.6,425.9,423.3,425.2,173.5492
2024-05-08 05:45:00,424.8,425.7,422.2,422.3,208.9006
2024-05-08 06:00:00,422.2,422.7,418.2,418.9,563.0159
2024-05-08 06:15:00,419.1,420.7,418.1,419.3,114.3444
2024-05-08 06:30:00,419.4,422.0,419.0,422.0,157.8105
2024-05-08 06:45:00,421.9,422.4,418.7,419.1,209.6008
2024-05-08 07:00:00,418.9,422.8,418.7,421.8,117.3302
2024-05-08 07:15:00,422.0,424.0,418.3,419.7,260.5509
2024-05-08 07:30:00,420.1,422.3,416.4,421.7,476.9842
2024-05-08 07:45:00,421.7,423.8,420.5,423.3,192.5318
2024-05-08 08:00:00,423.1,425.3,422.6,424.8,142.1577
2024-05-08 08:15:00,424.9,426.4,420.6,422.8,131.6013
2024-05-08 08:30:00,422.8,423.3,416.0,420.0,443.2858
2024-05-08 08:45:00,419.9,421.3,418.6,420.9,183.2069
2024-05-08 09:00:00,420.9,423.1,420.7,421.4,107.0598
2024-05-08 09:15:00,421.1,422.9,420.4,422.3,87.3521
2024-05-08 09:30:00,422.3,424.6,421.8,424.2,94.0743
2024-05-08 09:45:00,424.5,425.1,423.8,424.5,148.9907
2024-05-08 10:00:00,424.5,425.0,423.4,423.5,49.8358
2024-05-08 10:15:00,423.5,424.0,421.6,422.9,151.3024
2024-05-08 10:30:00,422.9,428.4,422.9,427.6,627.7977
2024-05-08 10:45:00,427.6,427.9,425.3,426.1,218.6609
2024-05-08 11:00:00,426.1,428.6,424.8,426.4,225.2581
2024-05-08 11:15:00,426.4,428.1,426.4,426.9,126.8498
2024-05-08 11:30:00,426.4,426.4,421.1,422.8,206.7649
2024-05-08 11:45:00,423.2,424.7,420.8,422.0,171.6188
2024-05-08 12:00:00,421.9,422.3,420.2,421.9,105.4289
2024-05-08 12:15:00,421.6,423.3,419.1,422.7,383.7818
2024-05-08 12:30:00,422.8,425.2,422.3,423.4,140.7639
2024-05-08 12:45:00,423.4,423.4,418.8,419.1,569.7763
2024-05-08 13:00:00,419.3,421.3,417.9,418.0,257.1767
2024-05-08 13:15:00,417.8,417.8,413.6,414.5,716.3661
2024-05-08 13:30:00,414.5,419.4,414.4,417.3,310.7968
2024-05-08 13:45:00,417.6,418.2,416.0,418.0,250.9719
2024-05-08 14:00:00,418.0,419.9,414.4,415.0,251.3283
2024-05-08 14:15:00,415.0,418.3,414.0,414.1,584.776
2024-05-08 14:30:00,414.2,414.9,410.1,410.6,1028.5202
2024-05-08 14:45:00,410.7,412.7,406.0,407.4,1580.862
2024-05-08 15:00:00,407.4,409.3,406.1,408.8,881.0318
2024-05-08 15:15:00,408.9,410.5,407.0,410.2,1221.9717
2024-05-08 15:30:00,410.2,413.5,408.6,408.9,690.5059
2024-05-08 15:45:00,408.9,411.3,407.2,410.9,187.0043
2024-05-08 16:00:00,410.9,412.4,409.6,410.4,164.7257
2024-05-08 16:15:00,410.3,411.4,407.4,408.2,342.7102
2024-05-08 16:30:00,408.6,408.8,404.8,406.2,587.3082
2024-05-08 16:45:00,406.2,410.5,405.8,409.9,400.4628
2024-05-08 17:00:00,409.8,413.6,409.5,411.0,305.0983
2024-05-08 17:15:00,410.9,412.0,410.4,411.0,391.5337
2024-05-08 17:30:00,411.0,415.0,407.4,409.3,579.4874
2024-05-08 17:45:00,409.4,410.5,409.1,409.7,161.0718
2024-05-08 18:00:00,409.5,409.6,405.2,405.9,235.0593
2024-05-08 18:15:00,405.9,407.7,396.9,398.3,1620.0447
2024-05-08 18:30:00,398.2,400.4,391.3,394.8,2030.9222
2024-05-08 18:45:00,394.9,396.5,390.3,391.7,2021.9748
2024-05-08 19:00:00,391.7,393.4,384.8,385.6,2752.4054
2024-05-08 19:15:00,385.6,388.3,381.0,386.2,2637.5183
2024-05-08 19:30:00,386.3,388.1,378.0,380.8,1710.0123
2024-05-08 19:45:00,380.7,382.1,376.6,381.8,1124.5034
2024-05-08 20:00:00,381.5,382.1,375.8,377.4,1640.4029
2024-05-08 20:15:00,377.5,382.1,377.3,379.5,917.8342
2024-05-08 20:30:00,379.3,380.1,376.6,378.6,1023.5475
2024-05-08 20:45:00,378.5,389.8,378.4,389.3,2697.6344
2024-05-08 21:00:00,389.5,392.3,386.6,386.6,1477.6969
2024-05-08 21:15:00,386.7,396.4,385.8,395.6,2443.0713
2024-05-08 21:30:00,395.8,401.4,391.7,398.7,2701.1502
2024-05-08 21:45:00,398.5,402.4,397.5,399.5,1389.2263
2024-05-08 22:00:00,399.5,403.5,393.0,394.8,1813.6824
2024-05-08 22:15:00,394.8,394.8,390.4,392.7,654.762
2024-05-08 22:30:00,392.6,395.4,391.2,393.4,504.7281
2024-05-08 22:45:00,393.0,395.1,391.4,393.1,403.9606
2024-05-08 23:00:00,393.4,393.5,387.5,392.1,584.352
2024-05-08 23:15:00,392.0,393.4,389.5,392.0,449.2869
2024-05-08 23:30:00,392.0,392.9,390.1,390.3,285.0433
2024-05-08 23:45:00,390.1,392.1,390.0,391.8,202.0054
2024-05-09 00:00:00,391.6,394.7,390.0,393.0,456.8301
2024-05-09 00:15:00,393.2,393.3,389.0,389.7,319.6602
2024-05-09 00:30:00,389.8,391.2,389.0,391.0,236.05
2024-05-09 00:45:00,390.7,391.3,387.4,387.9,459.4888
2024-05-09 01:00:00,387.9,393.4,385.7,392.7,1095.7226
2024-05-09 01:15:00,392.7,397.4,391.2,395.6,682.1043
2024-05-09 01:30:00,395.4,395.9,391.2,392.6,521.7294
2024-05-09 01:45:00,392.8,393.2,391.2,392.0,149.7916
2024-05-09 02:00:00,392.1,396.7,391.4,393.2,420.9172
2024-05-09 02:15:00,393.0,394.8,389.1,390.7,239.8799
2024-05-09 02:30:00,390.4,394.2,390.4,393.9,194.1937
2024-05-09 02:45:00,394.0,395.4,391.0,393.7,294.1117
2024-05-09 03:00:00,393.7,396.9,389.7,390.5,456.0924
2024-05-09 03:15:00,390.3,392.0,386.0,389.8,840.6173
2024-05-09 03:30:00,389.9,390.2,387.0,387.0,328.1729
2024-05-09 03:45:00,386.8,389.4,384.6,388.5,413.9284
2024-05-09 04:00:00,388.0,389.1,384.6,385.0,269.2286
2024-05-09 04:15:00,385.0,388.6,384.0,386.6,678.2539
2024-05-09 04:30:00,386.8,388.0,386.3,387.6,259.7852
2024-05-09 04:45:00,387.4,388.0,385.9,386.1,105.3728
2024-05-09 05:00:00,386.1,387.6,383.5,386.3,645.3999
2024-05-09 05:15:00,386.3,387.2,385.5,387.2,169.6136
2024-05-09 05:30:00,387.2,388.8,386.6,388.2,258.3445
2024-05-09 05:45:00,388.3,390.3,387.9,390.3,162.8293
2024-05-09 06:00:00,390.3,391.3,388.7,390.8,209.5835
2024-05-09 06:15:00,390.7,390.7,387.3,388.3,162.8869
2024-05-09 06:30:00,388.3,390.4,387.7,389.6,135.0128
2024-05-09 06:45:00,389.7,392.6,388.6,391.8,202.6645
2024-05-09 07:00:00,391.8,396.7,391.3,393.8,529.9339
2024-05-09 07:15:00,393.9,396.5,393.8,396.4,169.8714
2024-05-09 07:30:00,396.4,401.0,395.9,399.4,518.0903
2024-05-09 07:45:00,399.3,403.3,398.7,403.2,306.7667
2024-05-09 08:00:00,403.1,407.0,402.0,405.6,454.1073
2024-05-09 08:15:00,405.6,405.8,401.0,401.6,240.963
2024-05-09 08:30:00,401.5,402.0,400.0,401.4,183.4746
2024-05-09 08:45:00,401.3,401.8,400.8,401.4,234.9885
2024-05-09 09:00:00,401.3,401.5,397.5,400.0,147.8824
2024-05-09 09:15:00,400.0,401.7,399.5,400.0,154.0567
2024-05-09 09:30:00,400.0,401.3,399.8,401.1,65.4969
2024-05-09 09:45:00,400.8,402.2,400.1,402.2,191.2558
2024-05-09 10:00:00,402.4,403.7,399.9,399.9,89.8075
2024-05-09 10:15:00,399.8,400.3,395.6,398.0,284.1677
2024-05-09 10:30:00,398.2,400.0,396.3,399.3,155.9131
2024-05-09 10:45:00,399.1,399.4,397.3,397.5,109.2459
2024-05-09 11:00:00,397.3,399.7,395.5,399.3,330.8231
2024-05-09 11:15:00,399.3,399.3,394.6,395.0,190.3412
2024-05-09 11:30:00,395.0,396.8,393.6,396.2,91.3901
2024-05-09 11:45:00,396.1,396.6,395.1,395.5,71.0064
2024-05-09 12:00:00,395.5,396.0,393.8,395.6,158.4161
2024-05-09 12:15:00,395.8,400.5,395.5,398.4,543.7877
2024-05-09 12:30:00,398.0,402.5,397.5,402.5,282.9591
2024-05-09 12:45:00,402.6,403.6,400.4,400.6,258.9255
2024-05-09 13:00:00,400.5,404.6,399.7,404.4,104.3919
2024-05-09 13:15:00,403.6,404.4,402.6,403.8,222.2936
2024-05-09 13:30:00,403.9,405.4,400.8,401.0,439.7988
2024-05-09 13:45:00,400.9,401.4,398.7,399.9,315.4
2024-05-09 14:00:00,400.0,400.3,397.7,398.6,140.264
2024-05-09 14:15:00,398.3,399.0,397.3,397.4,183.2761
2024-05-09 14:30:00,397.8,398.2,397.0,398.1,169.9578
2024-05-09 14:45:00,398.1,398.1,394.6,396.3,199.4213
2024-05-09 15:00:00,396.4,398.4,392.7,393.6,616.8548
2024-05-09 15:15:00,393.6,397.5,393.6,396.1,175.1476
2024-05-09 15:30:00,396.2,400.0,396.2,400.0,165.4748
2024-05-09 15:45:00,399.9,399.9,396.1,396.7,254.9253
2024-05-09 16:00:00,396.7,396.9,394.6,395.1,253.3013
2024-05-09 16:15:00,395.3,395.5,390.7,391.9,296.0399
2024-05-09 16:30:00,392.0,392.8,389.1,390.3,285.6632
2024-05-09 16:45:00,390.2,390.8,387.5,390.4,586.1564
2024-05-09 17:00:00,390.4,391.0,386.2,388.1,720.2848
2024-05-09 17:15:00,388.2,388.3,382.4,385.8,1208.6381
2024-05-09 17:30:00,385.7,388.8,384.8,387.5,132.7853
2024-05-09 17:45:00,387.4,388.6,384.9,384.9,212.7197
2024-05-09 18:00:00,385.0,387.3,382.9,387.3,499.9688
2024-05-09 18:15:00,387.4,387.5,384.8,385.5,834.1627
2024-05-09 18:30:00,385.5,389.1,384.8,388.9,588.6808
2024-05-09 18:45:00,388.8,389.7,383.5,384.5,616.4898
2024-05-09 19:00:00,384.6,385.4,383.1,384.5,388.7986
2024-05-09 19:15:00,384.5,387.2,384.5,386.0,425.4367
2024-05-09 19:30:00,386.1,390.4,386.1,388.1,646.962
2024-05-09 19:45:00,387.9,388.5,386.6,388.2,243.9474
2024-05-09 20:00:00,388.1,389.9,387.4,388.4,462.7815
2024-05-09 20:15:00,388.4,388.4,385.3,386.9,166.4935
2024-05-09 20:30:00,386.9,388.0,381.3,382.8,500.8892
2024-05-09 20:45:00,383.1,384.0,381.0,383.5,193.1815
2024-05-09 21:00:00,383.4,388.4,382.2,386.8,306.0094
2024-05-09 21:15:00,386.6,386.6,382.4,386.1,254.9915
2024-05-09 21:30:00,386.2,388.1,385.8,386.9,141.2473
2024-05-09 21:45:00,386.9,389.4,386.5,389.2,110.0225
2024-05-09 22:00:00,389.0,398.0,388.3,397.5,798.5488
2024-05-09 22:15:00,397.5,405.5,394.4,401.6,1089.7464
2024-05-09 22:30:00,401.6,402.4,397.5,400.0,648.6256
2024-05-09 22:45:00,400.0,401.0,399.3,400.3,481.4792
2024-05-09 23:00:00,400.3,406.4,399.3,405.1,620.3199
2024-05-09 23:15:00,405.0,408.5,403.4,407.8,1187.8131
2024-05-09 23:30:00,407.9,408.3,396.2,396.6,3105.915
2024-05-09 23:45:00,396.7,398.1,394.2,396.4,656.6491
2024-05-10 00:00:00,396.1,400.3,394.9,398.4,257.5949
2024-05-10 00:15:00,398.4,398.4,395.0,395.3,533.9799
2024-05-10 00:30:00,395.3,396.1,391.8,391.8,641.1119
2024-05-10 00:45:00,391.7,394.4,390.0,393.5,780.4696
2024-05-10 01:00:00,393.5,394.7,391.4,394.3,296.1442
2024-05-10 01:15:00,394.4,396.0,394.1,395.1,490.5153
2024-05-10 01:30:00,395.0,396.1,392.6,394.1,246.7529
2024-05-10 01:45:00,393.9,395.6,392.7,395.4,128.5807
2024-05-10 02:00:00,395.4,396.1,394.0,394.2,173.2364
2024-05-10 02:15:00,394.2,396.3,394.0,396.0,218.0883
2024-05-10 02:30:00,395.9,395.9,393.4,393.7,534.83
2024-05-10 02:45:00,393.7,394.4,390.0,394.2,832.8449
2024-05-10 03:00:00,394.1,395.6,392.3,393.8,524.9646
2024-05-10 03:15:00,393.7,393.7,390.7,390.7,319.972
2024-05-10 03:30:00,391.1,392.4,390.7,391.9,324.5778
2024-05-10 03:45:00,392.0,393.4,390.4,392.8,453.1576
2024-05-10 04:00:00,392.8,395.3,392.0,392.6,805.4155
2024-05-10 04:15:00,392.4,392.4,390.3,390.6,333.5287
2024-05-10 04:30:00,390.4,392.0,389.3,390.8,460.3722
2024-05-10 04:45:00,390.9,392.9,390.5,392.1,118.5484
2024-05-10 05:00:00,392.1,394.7,391.9,393.9,234.8306
2024-05-10 05:15:00,393.8,394.5,391.9,393.3,221.8932
2024-05-10 05:30:00,393.4,395.5,392.3,395.4,520.0516
2024-05-10 05:45:00,395.5,399.0,395.3,397.5,777.9918
2024-05-10 06:00:00,397.6,398.4,393.8,394.0,591.7721
2024-05-10 06:15:00,394.0,394.0,392.3,393.3,332.1536
2024-05-10 06:30:00,393.1,394.3,391.0,391.0,273.793
2024-05-10 06:45:00,391.0,393.8,391.0,393.0,192.809
2024-05-10 07:00:00,393.1,393.2,391.1,392.1,174.2734
2024-05-10 07:15:00,392.1,392.1,387.0,389.4,366.8364
2024-05-10 07:30:00,389.4,390.4,388.7,390.4,127.0442
2024-05-10 07:45:00,390.5,391.4,389.3,390.3,243.1356
2024-05-10 08:00:00,390.3,391.4,388.8,390.4,191.5128
2024-05-10 08:15:00,390.1,392.8,389.6,392.6,263.7014
2024-05-10 08:30:00,392.7,395.4,392.4,393.8,182.1775
2024-05-10 08:45:00,393.7,396.3,393.4,395.5,262.7462
2024-05-10 09:00:00,395.4,395.4,393.1,393.1,209.774
2024-05-10 09:15:00,393.1,395.3,393.0,395.0,203.8242
2024-05-10 09:30:00,395.1,399.0,394.9,397.9,471.5187
2024-05-10 09:45:00,398.1,398.3,395.6,395.9,261.0621
2024-05-10 10:00:00,395.9,396.4,392.8,393.0,206.3439
2024-05-10 10:15:00,393.1,395.9,393.1,395.9,53.9429
2024-05-10 10:30:00,395.7,395.9,394.5,395.5,269.1432
2024-05-10 10:45:00,395.4,395.4,394.5,395.1,110.4891
2024-05-10 11:00:00,395.2,397.3,394.5,396.0,223.5188
2024-05-10 11:15:00,396.1,400.0,395.8,398.4,303.0273
2024-05-10 11:30:00,398.5,400.0,397.3,397.6,428.899
2024-05-10 11:45:00,397.4,398.7,396.6,397.8,113.6117
2024-05-10 12:00:00,397.9,398.9,395.1,395.2,243.8535
2024-05-10 12:15:00,395.2,395.9,391.0,393.2,260.7992
2024-05-10 12:30:00,393.3,395.2,393.2,394.0,405.3506
2024-05-10 12:45:00,394.1,394.7,392.8,393.6,103.2647
2024-05-10 13:00:00,393.4,394.9,393.1,394.4,130.0374
2024-05-10 13:15:00,394.5,394.5,392.7,394.0,329.8029
2024-05-10 13:30:00,394.0,394.9,393.1,394.6,171.9153
2024-05-10 13:45:00,394.6,397.8,394.1,397.3,267.2137
2024-05-10 14:00:00,397.1,400.0,395.3,396.4,757.3228
2024-05-10 14:15:00,396.5,398.5,396.5,397.7,281.5062
2024-05-10 14:30:00,397.7,397.9,394.2,395.6,326.0703
2024-05-10 14:45:00,395.4,396.1,391.8,394.3,1801.5434
2024-05-10 15:00:00,394.3,395.0,391.0,391.1,310.7466
2024-05-10 15:15:00,391.0,393.5,390.0,392.8,383.4866
2024-05-10 15:30:00,393.1,393.2,390.3,391.0,437.343
2024-05-10 15:45:00,390.9,392.7,390.7,392.6,195.5884
2024-05-10 16:00:00,392.7,392.7,390.8,391.4,81.1314
2024-05-10 16:15:00,391.4,392.0,390.0,390.9,379.4551
2024-05-10 16:30:00,391.0,391.7,388.9,391.6,494.7913
2024-05-10 16:45:00,391.7,394.0,391.1,394.0,485.7604
2024-05-10 17:00:00,394.0,394.1,392.3,393.1,411.0366
2024-05-10 17:15:00,393.1,396.6,393.1,396.4,278.8693
2024-05-10 17:30:00,396.6,396.6,393.5,394.4,381.578
2024-05-10 17:45:00,394.4,396.9,394.3,395.4,313.257
2024-05-10 18:00:00,395.4,395.4,392.5,392.7,490.7866
2024-05-10 18:15:00,392.6,393.2,390.9,392.5,330.3637
2024-05-10 18:30:00,392.4,392.8,391.3,392.4,258.1649
2024-05-10 18:45:00,392.5,396.7,392.5,395.4,591.0189
2024-05-10 19:00:00,395.5,398.3,394.2,396.5,484.1552
2024-05-10 19:15:00,396.6,396.7,393.1,394.4,580.4224
2024-05-10 19:30:00,394.4,395.7,394.0,394.7,352.7979
2024-05-10 19:45:00,394.6,405.0,391.3,393.4,1764.1213
2024-05-10 20:00:00,393.5,394.2,392.2,393.0,225.0491
2024-05-10 20:15:00,392.8,393.3,389.7,390.0,266.9576
2024-05-10 20:30:00,390.0,392.5,389.9,390.7,181.1735
2024-05-10 20:45:00,390.9,393.0,390.5,392.0,178.0696
2024-05-10 21:00:00,391.9,392.5,385.3,386.2,803.2864
2024-05-10 21:15:00,386.4,387.3,382.1,382.9,950.7237
2024-05-10 21:30:00,382.6,384.0,369.8,371.9,4890.5271
2024-05-10 21:45:00,371.8,374.7,366.3,370.6,4003.7768
2024-05-10 22:00:00,370.6,373.1,368.5,370.7,1467.3867
2024-05-10 22:15:00,370.7,376.0,370.1,375.0,1075.5057
2024-05-10 22:30:00,375.0,375.7,371.4,372.5,955.3187
2024-05-10 22:45:00,372.7,374.5,371.0,372.9,700.2055
2024-05-10 23:00:00,372.9,375.3,366.8,374.9,923.8498
2024-05-10 23:15:00,374.8,377.8,373.2,374.1,890.9742
2024-05-10 23:30:00,374.2,375.5,372.5,374.0,642.5227
2024-05-10 23:45:00,373.8,378.9,373.3,377.9,1551.919
2024-05-11 00:00:00,377.6,378.9,376.4,376.7,1188.1902
2024-05-11 00:15:00,376.8,377.3,369.7,371.2,1131.46
2024-05-11 00:30:00,371.1,374.0,369.7,373.4,626.4506
2024-05-11 00:45:00,373.4,373.9,369.5,371.5,497.6331
2024-05-11 01:00:00,371.4,372.0,368.8,371.4,449.0213
2024-05-11 01:15:00,371.5,371.5,369.1,370.4,208.7556
2024-05-11 01:30:00,370.9,373.3,370.9,371.8,307.1379
2024-05-11 01:45:00,371.7,371.8,369.4,370.6,289.5104
2024-05-11 02:00:00,370.6,372.5,369.5,370.9,321.4085
2024-05-11 02:15:00,371.0,371.2,369.3,369.7,272.0555
2024-05-11 02:30:00,369.8,370.3,367.9,370.1,196.4606
2024-05-11 02:45:00,370.0,372.1,369.1,370.5,207.4329
2024-05-11 03:00:00,370.6,374.4,369.9,372.9,361.1435
2024-05-11 03:15:00,372.8,373.5,370.6,371.2,159.2943
2024-05-11 03:30:00,371.0,371.8,370.1,371.5,205.1134
2024-05-11 03:45:00,371.5,373.1,370.8,372.1,282.37
2024-05-11 04:00:00,371.9,372.8,371.1,371.6,717.6026
2024-05-11 04:15:00,371.5,372.9,370.0,370.3,741.446
2024-05-11 04:30:00,370.4,371.7,369.6,370.0,162.4116
2024-05-11 04:45:00,370.0,370.9,369.6,370.9,179.3254
2024-05-11 05:00:00,370.7,372.2,370.4,372.0,126.8445
2024-05-11 05:15:00,371.9,374.1,370.8,371.2,377.2247
2024-05-11 05:30:00,371.2,373.0,370.8,372.5,363.1293
2024-05-11 05:45:00,372.6,374.0,372.3,374.0,234.3431
2024-05-11 06:00:00,373.9,377.1,373.7,376.7,186.5911
2024-05-11 06:15:00,376.6,377.5,375.2,376.0,212.9549
2024-05-11 06:30:00,376.1,377.8,376.0,377.2,128.3067
2024-05-11 06:45:00,377.3,378.0,376.3,376.5,180.3394
2024-05-11 07:00:00,376.6,378.9,375.8,378.2,280.4536
2024-05-11 07:15:00,378.1,378.6,377.2,377.7,155.8325
2024-05-11 07:30:00,377.7,378.0,375.0,375.4,225.0517
2024-05-11 07:45:00,375.4,377.0,375.4,376.5,208.2577
2024-05-11 08:00:00,376.5,381.4,376.3,381.0,221.997
2024-05-11 08:15:00,380.9,382.9,380.0,381.2,389.4012
2024-05-11 08:30:00,380.8,381.3,377.4,377.4,254.4779
2024-05-11 08:45:00,377.4,378.6,377.3,378.3,93.5638
2024-05-11 09:00:00,378.4,380.7,377.9,378.0,400.6996
2024-05-11 09:15:00,378.1,378.5,376.9,377.6,190.5483
2024-05-11 09:30:00,377.6,380.2,377.3,379.1,273.8125
2024-05-11 09:45:00,379.1,379.5,377.5,378.4,147.0631
2024-05-11 10:00:00,378.3,378.3,374.6,374.7,226.394
2024-05-11 10:15:00,374.6,376.7,374.6,375.2,241.5866
2024-05-11 10:30:00,375.4,376.3,372.3,373.3,275.7182
2024-05-11 10:45:00,373.7,374.5,372.6,374.1,156.1107
2024-05-11 11:00:00,374.0,375.2,373.4,374.4,140.2863
2024-05-11 11:15:00,374.4,375.5,374.2,374.9,71.9935
2024-05-11 11:30:00,374.9,376.4,374.6,375.2,152.6884
2024-05-11 11:45:00,375.3,376.4,374.5,375.5,108.6357
2024-05-11 12:00:00,375.5,378.0,375.4,377.5,101.8689
2024-05-11 12:15:00,377.6,378.9,377.1,378.3,114.7883
2024-05-11 12:30:00,378.3,378.5,376.0,376.5,448.7288
2024-05-11 12:45:00,376.4,377.2,376.0,377.0,89.7811
2024-05-11 13:00:00,376.8,378.9,376.8,377.2,136.0259
2024-05-11 13:15:00,377.0,380.0,377.0,379.5,104.334
2024-05-11 13:30:00,379.5,379.9,377.7,378.4,135.2817
2024-05-11 13:45:00,378.3,378.4,376.3,378.4,302.142
2024-05-11 14:00:00,378.4,379.8,377.8,378.9,131.6638
2024-05-11 14:15:00,378.9,379.6,377.8,379.5,76.6029
2024-05-11 14:30:00,379.7,380.0,379.0,379.5,124.4952
2024-05-11 14:45:00,379.5,380.3,379.2,380.1,118.5728
2024-05-11 15:00:00,380.2,381.7,379.4,379.9,280.855
2024-05-11 15:15:00,379.9,380.6,378.0,379.3,201.7024
2024-05-11 15:30:00,379.4,380.1,376.8,376.9,180.0117
2024-05-11 15:45:00,376.9,379.1,376.9,378.0,182.3184
2024-05-11 16:00:00,377.8,378.4,376.6,377.7,64.2055
2024-05-11 16:15:00,377.6,378.3,376.3,377.8,107.6985
2024-05-11 16:30:00,377.6,379.0,377.4,377.7,104.6848
2024-05-11 16:45:00,377.7,378.4,376.7,378.1,178.0946
2024-05-11 17:00:00,378.0,378.5,376.3,376.5,139.6376
2024-05-11 17:15:00,376.5,376.8,375.1,375.6,171.8817
2024-05-11 17:30:00,375.6,375.9,372.6,373.5,428.5148
2024-05-11 17:45:00,373.5,374.3,371.6,372.8,1344.5928
2024-05-11 18:00:00,372.9,373.3,370.1,370.7,304.8768
2024-05-11 18:15:00,370.7,371.5,370.0,370.8,287.8186
2024-05-11 18:30:00,370.9,373.2,370.7,371.7,337.7664
2024-05-11 18:45:00,371.5,372.5,370.9,372.3,132.169
2024-05-11 19:00:00,372.3,374.1,370.0,373.8,492.3314
2024-05-11 19:15:00,373.8,373.9,372.6,373.0,129.4786
2024-05-11 19:30:00,372.9,374.3,372.7,374.1,260.4483
2024-05-11 19:45:00,374.0,374.4,370.9,372.1,304.5927
2024-05-11 20:00:00,372.0,375.4,370.9,374.2,318.8125
2024-05-11 20:15:00,374.3,374.3,372.1,372.4,285.3573
2024-05-11 20:30:00,372.4,374.7,372.0,374.5,226.1857
2024-05-11 20:45:00,374.6,376.8,373.9,376.2,177.1518
2024-05-11 21:00:00,376.2,378.1,376.0,376.5,194.9439
2024-05-11 21:15:00,376.6,376.6,375.0,375.7,297.1112
2024-05-11 21:30:00,375.6,376.2,373.2,374.5,446.8532
2024-05-11 21:45:00,374.6,377.1,374.6,375.9,273.5038
2024-05-11 22:00:00,375.9,381.8,375.9,381.8,1042.9949
2024-05-11 22:15:00,381.7,384.2,379.7,381.5,753.2819
2024-05-11 22:30:00,381.6,384.6,379.2,382.5,413.936
2024-05-11 22:45:00,382.3,384.5,382.1,383.0,178.5306
2024-05-11 23:00:00,383.2,383.8,380.3,380.7,272.1379
2024-05-11 23:15:00,380.9,382.1,380.0,380.0,204.2993
2024-05-11 23:30:00,380.1,381.9,379.5,379.9,299.5363
2024-05-11 23:45:00,379.9,380.1,376.7,378.3,228.381
2024-05-12 00:00:00,378.4,378.8,376.9,378.1,242.7071
2024-05-12 00:15:00,378.1,382.0,375.0,375.8,1139.1438
2024-05-12 00:30:00,375.7,377.4,375.5,376.9,291.6514
2024-05-12 00:45:00,377.0,377.3,375.8,376.5,326.0033
2024-05-12 01:00:00,376.6,376.8,375.0,375.6,213.0337
2024-05-12 01:15:00,375.6,376.9,375.1,375.7,102.9941
2024-05-12 01:30:00,375.6,377.9,375.6,377.0,111.386
2024-05-12 01:45:00,377.1,378.0,376.4,377.1,88.93
2024-05-12 02:00:00,377.2,377.3,376.5,376.7,72.4799
2024-05-12 02:15:00,376.7,376.8,375.1,375.3,139.3762
2024-05-12 02:30:00,375.3,377.0,375.2,375.9,366.5991
2024-05-12 02:45:00,375.8,377.2,375.5,376.8,102.1547
2024-05-12 03:00:00,376.8,377.0,375.5,376.4,137.8092
2024-05-12 03:15:00,376.2,376.5,374.0,374.6,135.0111
2024-05-12 03:30:00,374.6,374.9,373.2,374.0,204.3164
2024-05-12 03:45:00,374.0,375.1,373.9,374.1,77.5603
2024-05-12 04:00:00,374.2,374.9,372.4,372.9,337.5538
2024-05-12 04:15:00,372.8,374.9,372.6,374.5,169.459
2024-05-12 04:30:00,374.3,375.0,373.7,374.7,48.2331
2024-05-12 04:45:00,374.7,376.5,374.6,375.4,94.1678
2024-05-12 05:00:00,375.3,377.4,375.0,375.6,104.2019
2024-05-12 05:15:00,375.9,376.1,374.8,374.8,30.1529
2024-05-12 05:30:00,374.8,376.1,374.4,374.6,47.6716
2024-05-12 05:45:00,375.0,377.4,374.4,376.4,242.0242
2024-05-12 06:00:00,376.3,376.3,375.2,375.2,171.5818
2024-05-12 06:15:00,375.1,375.8,374.8,375.3,84.9581
2024-05-12 06:30:00,375.1,375.1,372.7,373.8,160.0191
2024-05-12 06:45:00,373.8,374.9,373.5,374.7,165.1733
2024-05-12 07:00:00,374.6,376.9,374.4,376.7,94.1545
2024-05-12 07:15:00,376.7,377.4,375.7,376.7,50.9606
2024-05-12 07:30:00,376.6,376.7,374.2,375.0,170.1982
2024-05-12 07:45:00,374.9,377.0,374.4,375.4,161.4454
2024-05-12 08:00:00,375.4,377.0,375.4,376.5,174.8723
2024-05-12 08:15:00,376.6,376.8,375.2,375.4,27.8904
2024-05-12 08:30:00,375.4,379.2,375.0,378.9,368.9258
2024-05-12 08:45:00,378.8,379.0,377.2,377.2,513.6783
2024-05-12 09:00:00,377.2,379.1,377.0,378.6,160.4951
2024-05-12 09:15:00,378.6,379.1,378.2,379.0,54.4496
2024-05-12 09:30:00,379.1,382.1,379.1,380.3,652.4542
2024-05-12 09:45:00,380.4,381.2,379.7,379.7,201.5234
2024-05-12 10:00:00,379.8,380.5,379.0,379.9,296.884
2024-05-12 10:15:00,380.1,381.1,379.9,380.2,95.6271
2024-05-12 10:30:00,380.2,380.8,379.7,380.0,55.3041
2024-05-12 10:45:00,380.1,380.4,379.4,379.9,133.2961
2024-05-12 11:00:00,379.8,380.2,377.9,379.7,425.2498
2024-05-12 11:15:00,379.9,382.3,379.9,380.9,156.922
2024-05-12 11:30:00,380.4,381.7,379.8,380.6,63.557
2024-05-12 11:45:00,380.5,381.0,379.4,380.5,78.5176
2024-05-12 12:00:00,380.3,380.3,378.9,379.1,53.4302
2024-05-12 12:15:00,379.1,379.1,378.1,378.1,81.9526
2024-05-12 12:30:00,378.0,378.8,377.5,378.2,78.7945
2024-05-12 12:45:00,378.1,378.1,376.6,376.6,136.3033
2024-05-12 13:00:00,376.6,377.5,375.6,377.1,128.8423
2024-05-12 13:15:00,377.3,378.1,376.5,377.8,257.2284
2024-05-12 13:30:00,377.9,378.1,376.3,376.5,57.4078
2024-05-12 13:45:00,376.4,377.0,376.1,376.6,83.3597
2024-05-12 14:00:00,376.5,377.3,376.4,376.6,44.2464
2024-05-12 14:15:00,376.6,376.7,374.2,374.7,354.484
2024-05-12 14:30:00,374.6,375.4,373.6,374.7,138.8389
2024-05-12 14:45:00,374.6,375.1,373.9,374.6,78.1481
2024-05-12 15:00:00,374.5,376.4,374.4,376.4,182.5559
2024-05-12 15:15:00,376.4,377.5,375.2,376.4,225.0877
2024-05-12 15:30:00,376.4,379.2,376.1,377.5,124.4133
2024-05-12 15:45:00,377.3,377.3,376.4,376.9,50.0632
2024-05-12 16:00:00,377.0,377.2,375.0,376.3,151.7675
2024-05-12 16:15:00,376.5,376.6,375.2,376.0,140.3135
2024-05-12 16:30:00,375.8,376.8,375.7,376.0,58.6213
2024-05-12 16:45:00,376.1,377.6,375.7,376.1,220.2222
2024-05-12 17:00:00,376.2,377.2,375.7,376.3,71.9583
2024-05-12 17:15:00,376.0,379.1,376.0,378.9,148.3992
2024-05-12 17:30:00,378.8,380.0,376.8,377.7,327.0616
2024-05-12 17:45:00,377.7,377.7,375.6,376.2,107.2352
2024-05-12 18:00:00,376.2,378.0,374.9,376.9,151.1102
2024-05-12 18:15:00,376.9,377.5,376.8,377.0,56.7928
2024-05-12 18:30:00,376.8,377.5,376.0,376.0,74.9819
2024-05-12 18:45:00,376.0,376.2,375.1,375.9,68.0267
2024-05-12 19:00:00,376.0,376.4,375.0,375.1,92.712
2024-05-12 19:15:00,375.2,375.8,374.4,374.7,109.4132
2024-05-12 19:30:00,374.8,375.1,373.8,374.8,464.0155
2024-05-12 19:45:00,374.5,374.9,372.5,373.0,141.1611
2024-05-12 20:00:00,373.1,373.5,372.4,372.7,134.2191
2024-05-12 20:15:00,372.7,373.3,372.2,373.3,191.9554
2024-05-12 20:30:00,373.3,375.2,373.3,375.0,147.5383
2024-05-12 20:45:00,375.0,376.6,374.5,376.4,218.6641
2024-05-12 21:00:00,376.4,377.3,375.4,376.7,186.9657
2024-05-12 21:15:00,376.8,377.8,375.8,376.3,154.8169
2024-05-12 21:30:00,376.3,376.5,371.7,372.6,1514.3957
2024-05-12 21:45:00,372.5,372.6,368.6,369.0,1762.0446
2024-05-12 22:00:00,369.0,370.0,367.8,369.0,455.9725
2024-05-12 22:15:00,369.0,372.1,369.0,371.6,196.8783
2024-05-12 22:30:00,371.6,373.0,370.3,372.8,248.2997
2024-05-12 22:45:00,372.7,373.4,372.0,373.0,308.3577
2024-05-12 23:00:00,373.0,373.4,372.4,372.6,99.7138
2024-05-12 23:15:00,372.7,374.1,370.5,371.4,393.5495
2024-05-12 23:30:00,371.4,372.0,370.6,371.3,171.8546
2024-05-12 23:45:00,371.3,372.0,369.1,369.8,250.227
2024-05-13 00:00:00,369.6,369.9,363.4,363.4,1041.3091
2024-05-13 00:15:00,363.5,366.6,363.4,365.4,691.7709
2024-05-13 00:30:00,365.4,366.2,364.5,365.6,501.4759
2024-05-13 00:45:00,365.5,366.1,364.2,365.8,579.2241
2024-05-13 01:00:00,365.7,367.0,363.2,363.3,359.1038
2024-05-13 01:15:00,363.3,364.4,361.1,362.2,800.4595
2024-05-13 01:30:00,362.1,362.2,359.4,361.5,1586.5128
2024-05-13 01:45:00,361.6,363.3,361.3,362.9,136.4025
2024-05-13 02:00:00,362.8,363.0,360.0,360.2,217.6738
2024-05-13 02:15:00,360.0,361.5,359.5,360.9,241.7681
2024-05-13 02:30:00,360.9,366.2,360.9,365.1,914.6074
2024-05-13 02:45:00,365.2,366.5,363.3,364.4,426.3862
2024-05-13 03:00:00,364.2,366.1,363.0,365.4,274.9326
2024-05-13 03:15:00,365.6,367.3,364.9,365.3,211.4438
2024-05-13 03:30:00,365.6,366.9,365.4,366.1,187.9643
2024-05-13 03:45:00,366.0,366.0,364.8,365.5,114.0629
2024-05-13 04:00:00,365.2,365.5,363.8,364.1,118.4035
2024-05-13 04:15:00,364.0,364.0,360.3,361.9,274.9405
2024-05-13 04:30:00,361.9,363.2,360.0,363.1,562.1072
2024-05-13 04:45:00,363.1,364.0,362.0,362.2,212.9011
2024-05-13 05:00:00,362.1,363.6,361.1,362.8,163.3768
2024-05-13 05:15:00,362.8,363.2,361.5,362.3,117.5961
2024-05-13 05:30:00,362.4,364.2,362.4,363.5,98.7939
2024-05-13 05:45:00,363.5,364.7,363.5,364.2,42.4259
2024-05-13 06:00:00,364.3,366.0,364.0,365.0,114.732
2024-05-13 06:15:00,365.0,365.3,363.6,363.9,64.9535
2024-05-13 06:30:00,364.3,364.3,362.8,363.4,116.1269
2024-05-13 06:45:00,363.4,363.8,362.7,362.9,75.1232
2024-05-13 07:00:00,362.9,366.5,362.9,365.5,231.4953
2024-05-13 07:15:00,365.4,366.1,363.3,363.9,59.2142
2024-05-13 07:30:00,363.8,365.2,361.9,362.7,139.7369
2024-05-13 07:45:00,362.7,363.5,361.9,362.5,75.133
2024-05-13 08:00:00,362.6,363.2,361.0,361.5,125.8222
2024-05-13 08:15:00,361.6,361.7,349.1,353.2,5351.5728
2024-05-13 08:30:00,353.1,353.1,347.5,347.6,372.5856
2024-05-13 08:45:00,347.7,353.2,347.6,352.1,286.8657
2024-05-13 09:00:00,352.1,352.4,348.6,349.1,525.8098
2024-05-13 09:15:00,349.5,351.3,347.3,348.2,514.9328
2024-05-13 09:30:00,348.2,348.4,344.7,344.9,944.7278
2024-05-13 09:45:00,344.9,346.0,341.6,345.9,1042.5729
2024-05-13 10:00:00,345.7,346.1,340.1,340.1,630.8237
2024-05-13 10:15:00,340.1,343.3,339.7,341.3,918.8909
2024-05-13 10:30:00,341.4,343.3,340.1,342.7,504.0706
2024-05-13 10:45:00,342.8,346.8,341.8,345.3,801.7245
2024-05-13 11:00:00,345.4,349.1,344.5,346.7,538.1738
2024-05-13 11:15:00,346.7,348.2,344.4,345.3,227.156
2024-05-13 11:30:00,345.2,347.9,343.8,345.2,285.2094
2024-05-13 11:45:00,345.3,347.9,345.2,347.9,178.7122
2024-05-13 12:00:00,348.0,351.2,346.8,351.1,209.6682
2024-05-13 12:15:00,351.1,351.5,349.4,350.7,290.9527
2024-05-13 12:30:00,350.7,353.3,350.7,353.2,343.342
2024-05-13 12:45:00,353.1,353.7,351.7,352.5,220.3804
2024-05-13 13:00:00,352.5,357.5,352.5,357.5,282.4755
2024-05-13 13:15:00,357.4,360.2,356.8,359.9,625.1329
2024-05-13 13:30:00,359.6,360.8,355.9,360.0,673.4092
2024-05-13 13:45:00,360.0,360.2,356.7,357.6,143.8642
2024-05-13 14:00:00,357.8,359.2,355.0,356.4,414.5294
2024-05-13 14:15:00,356.4,357.4,355.8,357.1,134.7744
2024-05-13 14:30:00,356.8,358.5,355.1,358.5,240.3373
2024-05-13 14:45:00,358.3,365.7,357.0,364.5,2020.8899
2024-05-13 15:00:00,364.5,368.7,364.5,368.0,1265.8341
2024-05-13 15:15:00,368.0,371.5,366.6,367.0,1192.2529
2024-05-13 15:30:00,367.1,373.7,366.8,372.5,617.5431
2024-05-13 15:45:00,372.6,373.5,370.3,371.3,727.9115
2024-05-13 16:00:00,371.5,373.3,370.3,371.3,389.8247
2024-05-13 16:15:00,371.4,375.2,371.3,372.9,487.1465
2024-05-13 16:30:00,372.9,376.2,372.5,375.8,408.3209
2024-05-13 16:45:00,375.5,376.0,373.8,373.8,161.0722
2024-05-13 17:00:00,373.8,374.5,367.7,368.3,853.0866
2024-05-13 17:15:00,368.2,370.7,367.6,368.1,361.9225
2024-05-13 17:30:00,368.0,368.6,361.8,366.6,1022.3258
2024-05-13 17:45:00,367.0,367.0,365.5,366.1,310.9982
2024-05-13 18:00:00,366.1,367.3,362.4,363.4,431.4434
2024-05-13 18:15:00,363.4,364.1,359.6,361.9,843.1629
2024-05-13 18:30:00,362.0,363.9,361.6,363.8,235.6546
2024-05-13 18:45:00,363.6,365.6,363.6,364.8,176.965
2024-05-13 19:00:00,365.1,365.6,363.9,364.3,247.914
2024-05-13 19:15:00,364.3,366.0,360.7,366.0,634.0568
2024-05-13 19:30:00,366.0,366.9,364.4,365.7,228.5105
2024-05-13 19:45:00,365.9,366.6,361.9,363.2,856.1002
2024-05-13 20:00:00,363.5,364.9,362.3,363.5,285.5472
2024-05-13 20:15:00,363.3,365.5,362.6,363.1,306.056
2024-05-13 20:30:00,363.1,364.0,361.0,362.2,143.3181
2024-05-13 20:45:00,362.4,365.1,361.8,363.4,67.3281
2024-05-13 21:00:00,363.4,366.7,363.4,366.3,193.7377
2024-05-13 21:15:00,366.4,367.9,365.8,367.4,175.633
2024-05-13 21:30:00,367.2,367.6,365.4,366.1,348.8047
2024-05-13 21:45:00,366.3,367.1,362.8,363.3,500.3864
2024-05-13 22:00:00,363.4,364.1,362.1,363.0,194.3343
2024-05-13 22:15:00,363.0,363.6,359.3,360.9,1165.876
2024-05-13 22:30:00,361.0,366.0,360.8,365.8,515.6633
2024-05-13 22:45:00,365.8,366.0,364.0,364.1,196.2768
2024-05-13 23:00:00,364.0,365.9,363.4,365.5,149.5425
2024-05-13 23:15:00,365.6,369.8,364.9,367.5,508.1561
2024-05-13 23:30:00,367.5,374.6,367.0,370.9,1872.048
2024-05-13 23:45:00,370.8,373.4,368.9,373.3,865.0565
2024-05-14 00:00:00,373.2,373.5,365.4,366.7,703.3802
2024-05-14 00:15:00,366.7,367.1,362.1,362.4,244.1842
2024-05-14 00:30:00,362.7,364.3,360.3,361.0,353.8678
2024-05-14 00:45:00,361.3,363.6,361.1,363.1,133.8821
2024-05-14 01:00:00,363.0,364.0,359.9,360.6,172.2436
2024-05-14 01:15:00,360.8,363.8,359.2,359.3,498.7158
2024-05-14 01:30:00,359.4,362.1,359.4,360.5,108.7169
2024-05-14 01:45:00,360.6,360.7,359.1,360.2,200.1537
2024-05-14 02:00:00,360.2,363.2,359.8,362.8,208.9762
2024-05-14 02:15:00,362.7,363.4,361.5,362.2,115.2648
2024-05-14 02:30:00,362.2,362.4,360.5,361.1,266.8416
2024-05-14 02:45:00,360.9,361.4,360.4,361.4,216.0803
2024-05-14 03:00:00,361.2,361.2,358.4,359.7,267.9171
2024-05-14 03:15:00,359.8,361.3,359.7,360.0,164.3564
2024-05-14 03:30:00,359.9,361.4,359.2,361.2,422.4469
2024-05-14 03:45:00,361.1,361.9,360.3,360.9,198.3473
2024-05-14 04:00:00,360.9,361.9,360.3,361.5,127.8359
2024-05-14 04:15:00,361.4,361.5,359.7,359.7,184.2337
2024-05-14 04:30:00,359.8,360.4,359.2,359.4,74.8275
2024-05-14 04:45:00,359.4,361.3,358.6,361.0,270.2022
2024-05-14 05:00:00,360.9,361.4,356.8,357.0,904.9751
2024-05-14 05:15:00,357.0,357.9,355.5,355.5,167.8038
2024-05-14 05:30:00,355.7,356.4,355.6,355.8,117.842
2024-05-14 05:45:00,355.9,357.4,355.7,356.4,165.182
2024-05-14 06:00:00,356.3,357.6,356.3,357.5,150.1205
2024-05-14 06:15:00,357.5,358.0,357.4,358.0,144.7808
2024-05-14 06:30:00,358.0,358.8,356.8,357.7,237.9256
2024-05-14 06:45:00,357.6,357.9,356.0,357.3,351.9178
2024-05-14 07:00:00,357.3,357.5,354.5,356.1,353.945
2024-05-14 07:15:00,356.0,357.6,355.9,357.2,108.8261
2024-05-14 07:30:00,357.2,359.1,357.0,357.1,155.0716
2024-05-14 07:45:00,357.0,357.1,354.3,355.3,297.3723
2024-05-14 08:00:00,355.1,356.6,353.9,356.5,183.3538
2024-05-14 08:15:00,356.4,357.9,355.2,356.1,321.3916
2024-05-14 08:30:00,356.1,356.4,352.3,352.4,182.7586
2024-05-14 08:45:00,352.2,353.8,350.2,350.7,588.0979
2024-05-14 09:00:00,350.7,352.5,350.2,350.5,376.4571
2024-05-14 09:15:00,350.4,352.0,350.4,351.0,258.0479
2024-05-14 09:30:00,351.3,353.6,351.0,351.9,134.0073
2024-05-14 09:45:00,352.0,354.3,351.4,354.0,451.9753
2024-05-14 10:00:00,354.1,355.6,353.0,355.1,480.1597
2024-05-14 10:15:00,355.1,357.2,353.8,355.7,350.5798
2024-05-14 10:30:00,355.4,356.4,353.5,355.3,238.1187
2024-05-14 10:45:00,355.1,355.1,352.4,353.4,317.2385
2024-05-14 11:00:00,353.2,355.0,352.7,354.4,268.6576
2024-05-14 11:15:00,354.5,354.6,352.1,352.2,252.7509
2024-05-14 11:30:00,352.2,353.4,350.8,351.8,414.4349
2024-05-14 11:45:00,351.6,353.3,351.2,353.3,46.7563
2024-05-14 12:00:00,353.3,355.5,353.2,355.2,159.6054
2024-05-14 12:15:00,355.3,357.6,355.2,357.3,246.0176
2024-05-14 12:30:00,357.2,359.0,356.8,359.0,277.8476
2024-05-14 12:45:00,359.0,359.3,356.6,356.9,231.9956
2024-05-14 13:00:00,356.7,356.9,348.2,348.2,645.1285
2024-05-14 13:15:00,348.4,349.9,344.7,348.3,1535.8867
2024-05-14 13:30:00,348.4,351.2,348.0,350.5,588.3123
2024-05-14 13:45:00,350.4,351.3,349.2,350.0,218.5936
2024-05-14 14:00:00,350.1,350.7,346.9,347.0,439.2545
2024-05-14 14:15:00,347.0,348.6,346.5,347.2,298.4064
2024-05-14 14:30:00,347.0,348.0,343.4,345.2,770.3388
2024-05-14 14:45:00,345.2,348.5,345.1,348.1,433.7594
2024-05-14 15:00:00,348.1,348.2,345.3,346.5,283.209
2024-05-14 15:15:00,346.5,347.0,344.7,345.7,346.0076
2024-05-14 15:30:00,345.6,346.2,342.7,345.9,634.6127
2024-05-14 15:45:00,345.8,348.3,345.2,346.1,554.0123
2024-05-14 16:00:00,346.0,347.3,345.4,345.5,373.7451
2024-05-14 16:15:00,345.5,345.8,344.0,344.8,226.1688
2024-05-14 16:30:00,344.8,345.1,342.8,343.7,259.3733
2024-05-14 16:45:00,343.7,344.3,342.1,342.7,244.3011
2024-05-14 17:00:00,342.6,343.5,340.6,340.8,804.3341
2024-05-14 17:15:00,340.8,342.4,340.1,342.1,424.6961
2024-05-14 17:30:00,342.1,345.8,341.3,341.3,848.824
2024-05-14 17:45:00,341.3,343.4,340.9,342.0,627.9236
2024-05-14 18:00:00,342.1,342.5,340.3,341.2,679.5312
2024-05-14 18:15:00,341.2,343.0,341.1,342.6,208.2735
2024-05-14 18:30:00,342.6,342.7,341.4,342.4,291.28
2024-05-14 18:45:00,342.4,343.5,341.0,341.1,315.5466
2024-05-14 19:00:00,341.3,345.6,340.7,344.6,310.3945
2024-05-14 19:15:00,344.6,345.0,341.2,342.5,395.5218
2024-05-14 19:30:00,342.4,344.0,337.2,342.1,1307.4755
2024-05-14 19:45:00,341.6,343.8,340.4,340.8,327.6655
2024-05-14 20:00:00,340.5,343.0,340.0,342.2,451.3963
2024-05-14 20:15:00,342.1,345.5,342.1,345.3,365.6823
2024-05-14 20:30:00,345.1,345.8,342.4,343.2,358.3636
2024-05-14 20:45:00,343.0,343.8,340.7,341.8,403.2505
2024-05-14 21:00:00,341.9,342.7,334.3,335.2,1832.0765
2024-05-14 21:15:00,335.2,340.8,333.5,340.1,1178.9513
2024-05-14 21:30:00,340.2,343.4,335.9,337.9,2172.7111
2024-05-14 21:45:00,337.9,338.1,336.0,337.6,405.0066
2024-05-14 22:00:00,337.6,339.7,336.7,338.7,257.8458
2024-05-14 22:15:00,338.6,341.5,338.5,340.0,750.59
2024-05-14 22:30:00,340.0,340.0,337.3,337.6,395.7362
2024-05-14 22:45:00,337.7,340.9,336.7,339.9,311.009
2024-05-14 23:00:00,339.9,340.1,336.7,338.7,446.5858
2024-05-14 23:15:00,338.5,339.4,337.2,337.9,361.8305
2024-05-14 23:30:00,337.9,340.4,337.5,339.3,200.1614
2024-05-14 23:45:00,339.4,340.2,338.5,340.2,185.7365
2024-05-15 00:00:00,340.0,341.4,338.0,338.5,241.2797
2024-05-15 00:15:00,338.4,340.6,336.3,336.7,259.9908
2024-05-15 00:30:00,336.8,337.4,335.4,336.8,288.7604
2024-05-15 00:45:00,336.7,339.1,336.6,337.8,126.8927
2024-05-15 01:00:00,337.7,340.2,337.2,340.1,123.6055
2024-05-15 01:15:00,340.2,342.4,340.1,341.3,437.7814
2024-05-15 01:30:00,340.9,343.2,340.8,342.0,295.7448
2024-05-15 01:45:00,342.1,343.7,341.7,343.7,357.6504
2024-05-15 02:00:00,343.7,344.7,343.2,343.9,458.5666
2024-05-15 02:15:00,343.9,345.6,343.4,345.5,355.7007
2024-05-15 02:30:00,345.5,348.4,344.9,346.9,852.6511
2024-05-15 02:45:00,346.9,349.8,345.2,345.3,1574.3757
2024-05-15 03:00:00,345.2,349.0,344.9,348.8,380.3226
2024-05-15 03:15:00,348.7,348.9,347.9,348.5,101.1628
2024-05-15 03:30:00,348.6,348.8,346.7,346.8,185.022
2024-05-15 03:45:00,346.7,347.4,344.7,345.4,716.7752
2024-05-15 04:00:00,345.4,345.9,342.4,343.8,377.0034
2024-05-15 04:15:00,343.9,344.4,339.7,341.2,681.9528
2024-05-15 04:30:00,341.2,344.2,341.1,343.1,233.6091
2024-05-15 04:45:00,343.0,343.9,342.4,343.3,170.1149
2024-05-15 05:00:00,343.2,343.4,342.1,342.1,56.8832
2024-05-15 05:15:00,342.2,343.3,341.4,341.4,115.9332
2024-05-15 05:30:00,341.5,343.4,341.2,342.3,143.0628
2024-05-15 05:45:00,342.3,344.1,342.2,343.4,138.9635
2024-05-15 06:00:00,343.4,343.7,341.9,342.2,152.9618
2024-05-15 06:15:00,342.1,342.4,340.9,342.4,82.7948
2024-05-15 06:30:00,342.4,342.9,341.0,342.9,223.5123
2024-05-15 06:45:00,342.6,344.3,342.5,343.9,100.1077
2024-05-15 07:00:00,343.9,345.7,343.6,345.2,112.4371
2024-05-15 07:15:00,345.2,345.2,343.8,345.1,182.5938
2024-05-15 07:30:00,345.3,345.9,341.7,342.6,68.2614
2024-05-15 07:45:00,342.7,342.9,340.8,342.2,205.2987
2024-05-15 08:00:00,342.2,345.3,342.0,344.0,185.4814
2024-05-15 08:15:00,344.2,345.4,344.2,344.5,108.0464
2024-05-15 08:30:00,344.5,345.0,344.0,344.1,115.9517
2024-05-15 08:45:00,344.1,345.5,344.1,344.5,71.4102
2024-05-15 09:00:00,344.7,345.8,344.0,344.6,67.4297
2024-05-15 09:15:00,344.7,344.9,342.9,344.4,118.6295
2024-05-15 09:30:00,344.4,345.3,343.4,344.1,95.8293
2024-05-15 09:45:00,344.2,345.3,344.2,345.0,99.3971
2024-05-15 10:00:00,345.0,346.4,345.0,346.2,75.0156
2024-05-15 10:15:00,346.2,346.8,345.7,346.5,98.5733
2024-05-15 10:30:00,346.4,348.3,345.9,347.8,234.8325
2024-05-15 10:45:00,347.7,347.8,345.9,346.1,214.1378
2024-05-15 11:00:00,346.2,346.9,345.2,346.1,135.3372
2024-05-15 11:15:00,346.0,346.0,344.1,345.2,62.7902
2024-05-15 11:30:00,345.1,346.0,344.7,345.9,66.7124
2024-05-15 11:45:00,345.9,347.6,345.9,346.6,208.7393
2024-05-15 12:00:00,346.3,347.3,345.7,347.1,107.0394
2024-05-15 12:15:00,347.0,347.0,345.3,346.3,63.8594
2024-05-15 12:30:00,346.3,346.4,345.0,345.1,96.4
2024-05-15 12:45:00,345.2,347.5,345.1,346.6,492.9957
2024-05-15 13:00:00,346.4,347.5,346.0,346.8,80.569
2024-05-15 13:15:00,346.8,348.9,346.7,347.9,275.7318
2024-05-15 13:30:00,347.8,348.2,347.1,347.3,133.7211
2024-05-15 13:45:00,347.3,347.3,345.9,347.2,82.7742
2024-05-15 14:00:00,347.1,349.2,346.9,349.0,306.8557
2024-05-15 14:15:00,348.8,350.0,348.2,350.0,118.5932
2024-05-15 14:30:00,350.0,351.0,348.6,348.8,865.9973
2024-05-15 14:45:00,348.8,349.5,347.8,349.0,208.9213
2024-05-15 15:00:00,348.9,349.7,346.6,346.8,186.8302
2024-05-15 15:15:00,346.6,346.9,343.6,344.8,346.5753
2024-05-15 15:30:00,344.7,346.4,343.6,344.6,468.0164
2024-05-15 15:45:00,344.7,346.9,344.7,346.3,189.2636
2024-05-15 16:00:00,346.2,347.3,345.1,345.5,395.2499
2024-05-15 16:15:00,345.6,347.6,345.6,346.5,196.1713
2024-05-15 16:30:00,346.3,349.5,344.5,349.5,428.0939
2024-05-15 16:45:00,349.4,355.5,349.4,352.4,872.2766
2024-05-15 17:00:00,352.4,354.2,350.5,353.3,590.3303
2024-05-15 17:15:00,353.3,356.0,351.4,355.7,459.1824
2024-05-15 17:30:00,355.7,357.5,354.5,355.8,520.1987
2024-05-15 17:45:00,355.7,359.0,355.6,357.7,604.8404
2024-05-15 18:00:00,357.6,362.0,356.8,358.8,1268.9787
2024-05-15 18:15:00,358.9,361.0,352.9,355.2,1237.9076
2024-05-15 18:30:00,355.1,355.3,351.8,353.5,440.5983
2024-05-15 18:45:00,353.5,356.5,352.6,355.8,460.1308
2024-05-15 19:00:00,355.7,361.2,354.5,360.3,842.1614
2024-05-15 19:15:00,360.3,365.0,359.3,364.8,1364.1756
2024-05-15 19:30:00,364.8,388.0,364.1,369.2,6889.4561
2024-05-15 19:45:00,369.2,377.2,367.3,376.8,2827.2616
2024-05-15 20:00:00,376.9,378.0,368.0,374.6,1743.3213
2024-05-15 20:15:00,374.6,383.8,372.3,383.6,1752.4182
2024-05-15 20:30:00,383.6,384.2,377.4,378.9,1501.4856
2024-05-15 20:45:00,378.7,380.1,374.1,377.2,988.9134
2024-05-15 21:00:00,377.3,384.1,375.8,380.5,2038.0106
2024-05-15 21:15:00,380.6,385.9,379.9,382.5,1240.1321
2024-05-15 21:30:00,382.7,389.7,382.0,388.7,2131.9907
2024-05-15 21:45:00,388.8,389.3,382.7,386.2,1381.5228
2024-05-15 22:00:00,386.1,391.6,385.6,391.4,1802.1079
2024-05-15 22:15:00,391.2,392.0,385.3,387.2,1721.0637
2024-05-15 22:30:00,387.2,390.2,380.5,380.7,1970.4252
2024-05-15 22:45:00,380.9,384.0,378.9,379.1,1304.0684
2024-05-15 23:00:00,379.3,384.0,376.5,381.0,1232.33
2024-05-15 23:15:00,381.0,381.9,376.8,378.3,1254.6304
2024-05-15 23:30:00,378.4,379.0,376.0,378.2,731.0002
2024-05-15 23:45:00,378.4,381.2,378.2,380.6,565.769
2024-05-16 00:00:00,380.6,384.9,380.6,384.2,474.5838
2024-05-16 00:15:00,384.2,384.3,381.0,383.9,425.0837
2024-05-16 00:30:00,384.0,399.0,382.5,386.5,3498.6507
2024-05-16 00:45:00,386.6,390.6,385.5,385.7,980.5355
2024-05-16 01:00:00,385.7,385.9,382.3,383.3,1196.1295
2024-05-16 01:15:00,383.5,386.6,380.6,384.0,1096.8821
2024-05-16 01:30:00,384.1,384.5,381.6,383.3,359.3085
2024-05-16 01:45:00,383.2,385.6,381.7,384.3,364.6081
2024-05-16 02:00:00,384.3,388.0,382.7,386.4,554.7277
2024-05-16 02:15:00,386.5,388.5,385.2,386.3,512.886
2024-05-16 02:30:00,386.5,389.7,385.8,389.5,327.07
2024-05-16 02:45:00,389.3,389.8,386.0,389.5,431.5227
2024-05-16 03:00:00,389.4,390.5,386.7,388.0,658.9913
2024-05-16 03:15:00,387.9,390.0,387.3,389.1,483.7698
2024-05-16 03:30:00,389.1,394.5,387.3,393.8,1328.1197
2024-05-16 03:45:00,393.9,394.8,390.6,392.9,660.2196
2024-05-16 04:00:00,392.9,393.6,389.9,390.8,709.8359
2024-05-16 04:15:00,390.8,395.6,389.4,395.2,608.6811
2024-05-16 04:30:00,395.3,397.0,393.9,395.9,540.0948
2024-05-16 04:45:00,395.9,397.6,394.2,395.6,574.207
2024-05-16 05:00:00,395.7,398.0,395.1,395.1,667.1218
2024-05-16 05:15:00,395.1,395.9,393.1,393.1,431.8525
2024-05-16 05:30:00,393.2,395.1,393.0,394.4,240.4569
2024-05-16 05:45:00,394.4,395.4,391.6,393.3,261.1971
2024-05-16 06:00:00,393.3,393.9,390.6,391.2,409.2363
2024-05-16 06:15:00,391.2,392.3,390.2,390.7,250.8598
2024-05-16 06:30:00,390.7,391.8,388.8,391.2,513.9955
2024-05-16 06:45:00,391.2,392.8,389.7,389.7,190.8216
2024-05-16 07:00:00,389.6,391.6,389.1,389.2,302.5345
2024-05-16 07:15:00,389.2,389.2,384.9,386.2,944.1634
2024-05-16 07:30:00,386.3,386.6,383.3,384.8,532.833
2024-05-16 07:45:00,384.7,386.6,384.7,385.7,245.4036
2024-05-16 08:00:00,385.7,386.0,382.7,383.3,339.2076
2024-05-16 08:15:00,383.6,384.4,381.6,383.1,328.5176
2024-05-16 08:30:00,383.2,384.4,380.3,381.3,221.7256
2024-05-16 08:45:00,381.3,382.8,380.2,381.8,416.5493
2024-05-16 09:00:00,382.0,385.6,381.3,385.6,714.6071
2024-05-16 09:15:00,385.5,385.5,382.1,383.3,304.1617
2024-05-16 09:30:00,383.2,385.0,382.0,382.0,235.9942
2024-05-16 09:45:00,382.2,383.9,382.1,383.6,127.5669
2024-05-16 10:00:00,383.5,384.7,381.8,382.5,134.5068
2024-05-16 10:15:00,382.5,386.7,382.5,386.0,261.6009
2024-05-16 10:30:00,386.0,388.8,385.9,388.0,271.0152
2024-05-16 10:45:00,387.9,390.6,387.6,387.7,776.5475
2024-05-16 11:00:00,387.7,388.9,385.9,386.0,366.0193
2024-05-16 11:15:00,386.0,389.3,385.9,387.5,410.6737
2024-05-16 11:30:00,387.5,391.0,386.8,387.7,654.9818
2024-05-16 11:45:00,387.7,389.6,387.3,388.7,185.7236
2024-05-16 12:00:00,388.5,390.1,387.1,388.6,316.8343
2024-05-16 12:15:00,388.5,395.2,388.5,391.5,486.1396
2024-05-16 12:30:00,391.6,393.5,391.3,392.2,186.2586
2024-05-16 12:45:00,392.0,396.0,391.2,392.7,669.2634
2024-05-16 13:00:00,392.5,393.5,391.4,392.9,142.4598
2024-05-16 13:15:00,393.1,393.8,390.1,392.4,234.08
2024-05-16 13:30:00,392.4,392.4,387.2,390.9,962.0263
2024-05-16 13:45:00,391.0,393.4,390.0,393.3,194.9399
2024-05-16 14:00:00,393.3,397.5,392.7,396.3,670.9341
2024-05-16 14:15:00,396.0,397.6,395.4,397.1,446.0664
2024-05-16 14:30:00,397.1,400.3,397.1,398.4,1268.9327
2024-05-16 14:45:00,398.5,400.0,395.7,398.2,660.4609
2024-05-16 15:00:00,398.1,400.2,396.9,399.9,580.9136
2024-05-16 15:15:00,399.9,406.1,396.5,396.9,1159.6626
2024-05-16 15:30:00,396.9,398.1,396.6,396.8,317.5904
2024-05-16 15:45:00,396.8,397.5,392.5,394.6,561.3971
2024-05-16 16:00:00,394.7,400.1,394.3,399.2,533.8057
2024-05-16 16:15:00,399.2,399.9,396.8,397.1,227.129
2024-05-16 16:30:00,397.0,399.6,395.0,399.5,374.8843
2024-05-16 16:45:00,399.6,404.0,399.4,402.3,743.5562
2024-05-16 17:00:00,402.3,404.7,400.8,404.3,822.3635
2024-05-16 17:15:00,404.3,405.0,402.8,403.2,408.9153
2024-05-16 17:30:00,403.1,403.1,398.9,400.1,715.0781
2024-05-16 17:45:00,400.1,402.5,397.2,402.0,782.281
2024-05-16 18:00:00,401.9,401.9,397.0,398.0,483.3958
2024-05-16 18:15:00,397.8,401.1,397.3,400.8,254.6435
2024-05-16 18:30:00,400.8,405.4,399.4,400.6,619.9076
2024-05-16 18:45:00,400.5,404.3,400.2,403.7,343.9377
2024-05-16 19:00:00,403.7,404.2,398.5,398.5,381.9987
2024-05-16 19:15:00,398.4,400.5,396.5,398.2,331.1065
2024-05-16 19:30:00,398.1,401.8,391.8,393.6,1266.8694
2024-05-16 19:45:00,393.3,397.0,392.7,393.3,401.1436
2024-05-16 20:00:00,393.4,394.3,376.6,386.3,2494.0758
2024-05-16 20:15:00,386.2,389.7,385.9,389.4,512.7029
2024-05-16 20:30:00,389.5,396.9,388.1,388.7,996.7344
2024-05-16 20:45:00,388.5,394.6,388.4,392.0,690.3976
2024-05-16 21:00:00,391.9,392.6,388.0,388.0,591.2259
2024-05-16 21:15:00,388.0,389.6,378.8,384.8,1563.7872
2024-05-16 21:30:00,384.9,386.7,379.6,380.2,697.7037
2024-05-16 21:45:00,380.2,381.7,374.8,377.1,1426.9625
2024-05-16 22:00:00,377.2,380.7,377.2,379.0,420.8064
2024-05-16 22:15:00,378.9,385.3,378.5,383.7,565.1618
2024-05-16 22:30:00,383.8,384.5,380.1,382.1,583.0153
2024-05-16 22:45:00,382.2,384.5,381.6,383.5,282.0043
2024-05-16 23:00:00,383.6,388.1,383.3,386.3,558.6714
2024-05-16 23:15:00,386.2,389.3,384.9,385.0,1123.0486
2024-05-16 23:30:00,385.2,386.2,382.7,385.2,792.077
2024-05-16 23:45:00,385.0,386.5,380.4,386.5,1113.3019
2024-05-17 00:00:00,386.5,389.2,383.5,383.7,651.1949
2024-05-17 00:15:00,383.8,384.2,378.7,378.7,385.7448
2024-05-17 00:30:00,378.8,383.0,378.6,382.4,452.049
2024-05-17 00:45:00,382.5,390.9,381.1,387.8,2166.311
2024-05-17 01:00:00,387.8,391.9,382.7,384.5,2484.0851
2024-05-17 01:15:00,384.3,385.8,383.6,384.6,408.4755
2024-05-17 01:30:00,384.5,386.8,383.8,386.4,173.7116
2024-05-17 01:45:00,386.4,387.5,384.1,385.7,565.0723
2024-05-17 02:00:00,385.6,387.5,384.4,386.2,228.8313
2024-05-17 02:15:00,386.2,387.0,383.3,386.9,312.0016
2024-05-17 02:30:00,386.9,387.0,384.0,384.6,172.5583
2024-05-17 02:45:00,384.6,385.8,384.0,384.7,164.875
2024-05-17 03:00:00,384.8,386.0,383.8,384.8,90.6547
2024-05-17 03:15:00,384.7,386.3,383.9,385.3,135.387
2024-05-17 03:30:00,385.2,387.0,383.9,385.4,108.0801
2024-05-17 03:45:00,385.4,385.8,384.5,385.6,73.3297
2024-05-17 04:00:00,385.5,386.6,384.3,384.5,136.1384
2024-05-17 04:15:00,384.8,385.2,382.8,383.8,204.3186
2024-05-17 04:30:00,383.8,386.1,383.6,384.9,109.9721
2024-05-17 04:45:00,385.2,385.9,384.7,385.6,70.3733
2024-05-17 05:00:00,385.7,385.7,381.5,381.7,210.7342
2024-05-17 05:15:00,381.7,382.9,380.7,381.9,147.0276
2024-05-17 05:30:00,381.9,384.1,380.7,384.1,204.6729
2024-05-17 05:45:00,384.0,384.3,382.2,383.4,408.664
2024-05-17 06:00:00,383.3,383.5,379.8,381.7,166.8693
2024-05-17 06:15:00,381.7,383.3,380.9,383.2,146.4733
2024-05-17 06:30:00,383.2,384.3,382.3,383.8,167.8675
2024-05-17 06:45:00,383.6,383.7,381.8,382.2,81.6561
2024-05-17 07:00:00,382.2,384.0,382.0,384.0,161.303
2024-05-17 07:15:00,384.0,385.6,382.5,382.5,281.8711
2024-05-17 07:30:00,382.6,384.7,382.2,383.8,302.7149
2024-05-17 07:45:00,383.7,384.4,382.9,384.4,72.9075
2024-05-17 08:00:00,384.4,385.7,383.4,384.0,355.375
2024-05-17 08:15:00,384.1,384.5,381.9,383.7,206.8057
2024-05-17 08:30:00,383.7,386.6,383.2,385.0,142.6123
2024-05-17 08:45:00,385.1,385.4,383.4,384.2,149.5845
2024-05-17 09:00:00,384.2,384.8,381.6,382.6,149.9243
2024-05-17 09:15:00,382.5,383.9,377.5,379.4,936.1799
2024-05-17 09:30:00,379.6,383.9,379.5,383.8,397.4
2024-05-17 09:45:00,383.7,384.2,382.3,383.0,65.9936
2024-05-17 10:00:00,383.3,384.7,382.3,384.6,135.4598
2024-05-17 10:15:00,384.6,388.0,384.3,387.0,105.3859
2024-05-17 10:30:00,386.8,388.1,385.7,387.6,310.8276
2024-05-17 10:45:00,387.6,387.6,385.1,385.2,161.2614
2024-05-17 11:00:00,385.3,386.1,384.8,385.5,170.5287
2024-05-17 11:15:00,385.5,385.6,383.5,384.5,157.5693
2024-05-17 11:30:00,384.3,384.3,380.7,381.8,179.6137
2024-05-17 11:45:00,381.9,382.2,380.6,381.5,64.5741
2024-05-17 12:00:00,381.5,384.6,381.2,384.5,110.1777
2024-05-17 12:15:00,384.3,384.4,384.0,384.1,118.933
2024-05-17 12:30:00,384.2,384.8,384.0,384.7,112.6615
2024-05-17 12:45:00,384.7,385.5,384.0,385.1,290.3133
2024-05-17 13:00:00,385.2,385.3,380.9,382.0,360.1727
2024-05-17 13:15:00,381.9,382.1,379.8,380.8,245.8676
2024-05-17 13:30:00,380.7,384.0,380.5,383.5,188.0212
2024-05-17 13:45:00,383.4,385.9,381.7,382.7,1055.5013
2024-05-17 14:00:00,382.8,387.0,382.8,386.8,686.4302
2024-05-17 14:15:00,386.8,388.1,385.6,386.8,1097.2322
2024-05-17 14:30:00,386.7,386.8,383.0,383.8,710.9684
2024-05-17 14:45:00,383.7,385.1,382.2,384.6,906.6369
2024-05-17 15:00:00,384.6,386.5,383.6,385.7,338.0732
2024-05-17 15:15:00,385.7,386.7,384.9,385.0,260.336
2024-05-17 15:30:00,384.8,384.8,381.6,381.8,529.507
2024-05-17 15:45:00,381.8,383.2,379.0,381.8,1677.3625
2024-05-17 16:00:00,381.9,382.6,380.9,382.3,177.4502
2024-05-17 16:15:00,382.2,383.1,381.2,382.8,280.892
2024-05-17 16:30:00,382.8,384.4,382.6,382.8,276.5022
2024-05-17 16:45:00,382.8,382.8,378.8,380.7,1037.7376
2024-05-17 17:00:00,380.9,381.0,378.8,379.0,270.0548
2024-05-17 17:15:00,379.0,381.0,378.5,380.9,396.9676
2024-05-17 17:30:00,380.9,380.9,378.9,379.8,157.171
2024-05-17 17:45:00,380.0,381.0,379.8,380.6,220.6489
2024-05-17 18:00:00,380.6,380.7,378.0,378.3,436.5883
2024-05-17 18:15:00,378.4,380.0,378.0,380.0,165.2388
2024-05-17 18:30:00,379.9,379.9,378.5,378.9,191.5063
2024-05-17 18:45:00,378.9,380.8,378.9,379.7,259.0554
2024-05-17 19:00:00,379.7,380.3,378.1,378.3,228.2742
2024-05-17 19:15:00,378.2,381.2,377.0,381.1,269.0756
2024-05-17 19:30:00,381.1,383.2,380.7,382.9,327.4598
2024-05-17 19:45:00,382.9,384.6,382.9,384.0,411.5834
2024-05-17 20:00:00,384.0,385.0,381.6,383.3,258.9034
2024-05-17 20:15:00,383.3,383.7,380.9,382.0,284.0792
2024-05-17 20:30:00,381.9,382.4,377.2,378.4,305.097
2024-05-17 20:45:00,378.4,380.0,378.3,379.2,214.4768
2024-05-17 21:00:00,379.2,380.0,378.6,379.6,224.5532
2024-05-17 21:15:00,379.3,382.8,378.9,382.2,397.8634
2024-05-17 21:30:00,382.3,386.4,381.8,385.5,863.0383
2024-05-17 21:45:00,385.5,387.2,383.9,386.8,291.1813
2024-05-17 22:00:00,386.9,388.6,385.6,388.2,770.9034
2024-05-17 22:15:00,388.2,394.4,387.5,394.2,1750.8374
2024-05-17 22:30:00,394.1,398.6,393.5,396.8,1540.0752
2024-05-17 22:45:00,396.8,399.0,395.5,396.2,728.2307
2024-05-17 23:00:00,396.3,398.7,395.2,398.0,716.4727
2024-05-17 23:15:00,398.0,398.0,395.3,396.0,328.4621
2024-05-17 23:30:00,395.9,397.2,395.4,395.5,236.9746
2024-05-17 23:45:00,395.6,395.8,391.0,391.3,573.4601
2024-05-18 00:00:00,391.1,391.5,389.0,390.7,401.4565
2024-05-18 00:15:00,390.9,393.2,389.3,389.6,324.7788
2024-05-18 00:30:00,389.4,389.9,384.2,384.8,1794.6214
2024-05-18 00:45:00,384.7,386.0,381.6,383.1,2326.1137
2024-05-18 01:00:00,383.0,384.7,381.0,381.5,802.0022
2024-05-18 01:15:00,381.4,383.4,381.4,382.2,308.5703
2024-05-18 01:30:00,382.1,383.2,381.7,382.5,186.1631
2024-05-18 01:45:00,382.5,384.7,380.8,384.4,260.7768
2024-05-18 02:00:00,384.3,384.6,382.1,383.1,165.9249
2024-05-18 02:15:00,383.0,384.3,382.9,383.7,149.4171
2024-05-18 02:30:00,383.7,384.4,382.7,384.3,159.8551
2024-05-18 02:45:00,384.2,384.5,383.2,384.3,97.9218
2024-05-18 03:00:00,384.1,384.3,382.8,383.9,60.4784
2024-05-18 03:15:00,383.6,385.6,383.6,385.1,148.5716
2024-05-18 03:30:00,385.2,385.3,382.5,382.7,244.1313
2024-05-18 03:45:00,382.7,383.7,381.4,383.1,598.3655
2024-05-18 04:00:00,383.1,384.2,382.6,384.0,135.758
2024-05-18 04:15:00,384.0,384.3,382.3,383.3,71.3377
2024-05-18 04:30:00,383.2,383.4,382.0,383.0,142.839
2024-05-18 04:45:00,382.9,384.2,382.3,383.4,205.204
2024-05-18 05:00:00,383.2,385.2,382.9,384.1,235.0372
2024-05-18 05:15:00,384.0,384.0,382.4,382.8,101.392
2024-05-18 05:30:00,382.8,383.0,382.2,383.0,88.2153
2024-05-18 05:45:00,383.0,383.8,382.4,383.6,136.1951
2024-05-18 06:00:00,383.4,383.6,382.3,383.6,135.8917
2024-05-18 06:15:00,383.6,383.7,382.4,382.8,244.111
2024-05-18 06:30:00,382.8,382.9,380.2,380.6,278.1742
2024-05-18 06:45:00,380.7,381.3,380.4,380.7,80.2747
2024-05-18 07:00:00,380.7,382.5,380.3,382.2,152.4609
2024-05-18 07:15:00,382.3,383.0,381.5,381.5,153.9536
2024-05-18 07:30:00,381.3,381.9,380.5,381.9,118.9682
2024-05-18 07:45:00,381.9,383.0,381.8,382.3,85.2839
2024-05-18 08:00:00,382.3,382.5,381.3,381.5,93.5803
2024-05-18 08:15:00,381.5,381.5,380.4,380.9,62.5665
2024-05-18 08:30:00,380.8,383.1,380.5,382.3,98.7139
2024-05-18 08:45:00,382.2,383.4,381.6,383.3,49.1966
2024-05-18 09:00:00,383.4,383.9,381.0,382.0,218.7226
2024-05-18 09:15:00,382.2,382.3,380.1,381.1,235.5186
2024-05-18 09:30:00,381.1,381.2,377.5,378.9,699.0335
2024-05-18 09:45:00,379.0,379.8,378.4,379.6,128.7114
2024-05-18 10:00:00,379.5,382.4,379.5,381.4,77.3508
2024-05-18 10:15:00,381.3,381.9,380.9,381.6,152.7374
2024-05-18 10:30:00,381.5,384.2,381.0,383.8,148.6876
2024-05-18 10:45:00,383.7,384.9,382.9,384.3,139.9297
2024-05-18 11:00:00,384.3,386.2,383.6,384.4,345.0637
2024-05-18 11:15:00,384.1,385.4,383.2,385.4,87.3109
2024-05-18 11:30:00,385.2,385.2,383.4,383.4,144.208
2024-05-18 11:45:00,383.4,385.5,382.2,384.4,240.0838
2024-05-18 12:00:00,384.4,385.3,383.5,384.0,143.1477
2024-05-18 12:15:00,383.6,386.3,383.3,385.8,243.9631
2024-05-18 12:30:00,385.8,386.6,385.1,385.7,104.941
2024-05-18 12:45:00,385.6,385.6,383.8,384.2,146.9073
2024-05-18 13:00:00,384.1,384.4,383.4,383.8,88.4272
2024-05-18 13:15:00,383.8,384.4,382.4,382.9,108.7443
2024-05-18 13:30:00,383.0,384.4,382.5,383.9,100.7242
2024-05-18 13:45:00,383.6,384.9,383.6,384.2,78.6443
2024-05-18 14:00:00,384.0,384.2,383.0,383.2,71.7709
2024-05-18 14:15:00,383.0,385.8,382.8,385.3,154.8595
2024-05-18 14:30:00,385.1,385.2,384.5,384.7,281.2402
2024-05-18 14:45:00,384.8,391.0,384.3,384.9,803.4957
2024-05-18 15:00:00,384.9,388.9,384.2,388.0,327.155
2024-05-18 15:15:00,387.8,388.4,386.3,387.1,233.9886
2024-05-18 15:30:00,387.0,387.2,384.9,385.7,216.3254
2024-05-18 15:45:00,385.5,386.1,384.7,385.1,140.7158
2024-05-18 16:00:00,385.1,386.6,384.7,384.9,99.1482
2024-05-18 16:15:00,384.9,385.7,382.1,383.0,448.1158
2024-05-18 16:30:00,383.2,384.5,383.1,383.8,154.468
2024-05-18 16:45:00,383.8,386.6,383.7,386.2,144.8377
2024-05-18 17:00:00,386.4,387.8,385.3,387.7,171.8266
2024-05-18 17:15:00,387.7,390.3,387.7,390.1,312.8976
2024-05-18 17:30:00,389.9,390.1,385.5,385.8,302.8832
2024-05-18 17:45:00,385.7,386.5,384.0,386.0,233.3665
2024-05-18 18:00:00,386.1,387.3,385.2,386.2,187.3029
2024-05-18 18:15:00,386.2,386.2,383.8,384.9,119.6088
2024-05-18 18:30:00,384.8,384.9,383.1,384.5,86.5744
2024-05-18 18:45:00,384.5,386.0,382.7,382.9,303.1669
2024-05-18 19:00:00,383.1,383.1,381.1,382.8,234.2519
2024-05-18 19:15:00,382.7,383.1,380.4,383.0,273.2138
2024-05-18 19:30:00,382.9,384.6,381.0,381.6,175.0938
2024-05-18 19:45:00,381.6,381.9,379.7,380.1,202.4158
2024-05-18 20:00:00,380.3,381.8,378.9,379.6,314.9771
2024-05-18 20:15:00,379.6,381.6,379.2,381.0,326.0067
2024-05-18 20:30:00,380.9,381.0,378.2,379.9,293.9149
2024-05-18 20:45:00,379.8,380.0,376.7,378.1,369.8324
2024-05-18 21:00:00,378.1,378.4,376.3,377.0,409.2429
2024-05-18 21:15:00,377.0,380.3,376.6,380.0,242.7937
2024-05-18 21:30:00,379.9,380.9,375.8,376.7,327.214
2024-05-18 21:45:00,376.7,378.5,376.4,378.0,369.3391
2024-05-18 22:00:00,378.2,379.2,377.4,378.0,132.2717
2024-05-18 22:15:00,378.1,378.2,375.8,376.7,170.9028
2024-05-18 22:30:00,376.8,380.5,375.8,380.0,264.1913
2024-05-18 22:45:00,380.0,380.9,379.4,379.8,184.97
2024-05-18 23:00:00,379.9,381.7,379.2,381.6,250.5125
2024-05-18 23:15:00,381.7,382.0,380.5,382.0,85.3608
2024-05-18 23:30:00,381.7,382.2,380.1,380.5,81.4381
2024-05-18 23:45:00,380.4,381.2,379.7,380.6,158.3757
2024-05-19 00:00:00,380.5,386.7,380.2,386.5,739.6848
2024-05-19 00:15:00,386.6,388.3,384.5,387.5,1767.6412
2024-05-19 00:30:00,387.3,388.4,384.4,384.5,345.8685
2024-05-19 00:45:00,384.6,386.4,384.3,386.4,119.2687
2024-05-19 01:00:00,386.3,388.1,385.7,385.8,200.9863
2024-05-19 01:15:00,385.9,387.5,385.7,386.4,96.6634
2024-05-19 01:30:00,386.4,388.5,386.2,388.0,356.2079
2024-05-19 01:45:00,387.9,388.3,386.5,386.8,161.6383
2024-05-19 02:00:00,386.8,386.9,383.0,384.5,289.7262
2024-05-19 02:15:00,384.5,385.1,383.0,383.2,75.9187
2024-05-19 02:30:00,383.1,383.5,382.5,383.0,66.1178
2024-05-19 02:45:00,383.1,385.2,382.9,385.1,43.954
2024-05-19 03:00:00,384.9,384.9,383.3,384.1,79.0284
2024-05-19 03:15:00,384.1,384.3,383.2,384.1,38.9478
2024-05-19 03:30:00,383.7,384.2,382.7,384.0,52.0475
2024-05-19 03:45:00,383.9,384.7,383.1,383.2,52.0004
2024-05-19 04:00:00,383.1,383.7,382.8,382.8,161.2758
2024-05-19 04:15:00,382.8,383.4,380.9,381.5,278.2208
2024-05-19 04:30:00,381.4,382.9,379.9,382.7,97.0076
2024-05-19 04:45:00,382.9,382.9,381.6,382.1,60.5807
2024-05-19 05:00:00,382.0,383.0,381.5,382.4,89.7357
2024-05-19 05:15:00,382.4,382.8,381.8,382.5,64.3951
2024-05-19 05:30:00,382.4,383.0,381.9,383.0,40.359
2024-05-19 05:45:00,383.0,383.8,382.1,382.2,53.7803
2024-05-19 06:00:00,382.3,383.4,381.4,382.7,133.77
2024-05-19 06:15:00,382.7,383.2,382.1,382.7,62.9334
2024-05-19 06:30:00,382.7,383.2,382.4,382.5,46.9364
2024-05-19 06:45:00,382.5,383.4,382.0,382.4,94.3703
2024-05-19 07:00:00,382.4,384.6,381.6,384.6,117.3275
2024-05-19 07:15:00,384.6,385.4,383.7,385.3,90.2774
2024-05-19 07:30:00,385.3,386.1,384.3,385.1,254.4192
2024-05-19 07:45:00,385.0,386.0,384.7,384.9,120.1966
2024-05-19 08:00:00,384.9,386.6,384.8,386.1,58.9553
2024-05-19 08:15:00,386.1,386.6,385.3,385.4,61.0683
2024-05-19 08:30:00,385.2,385.2,383.3,383.9,49.816
2024-05-19 08:45:00,383.9,384.6,383.3,384.0,42.2914
2024-05-19 09:00:00,384.0,385.2,384.0,384.9,56.0525
2024-05-19 09:15:00,384.8,387.1,384.8,386.9,114.8531
2024-05-19 09:30:00,386.8,387.5,386.5,387.3,72.3528
2024-05-19 09:45:00,387.4,387.7,386.8,386.9,76.3761
2024-05-19 10:00:00,387.0,387.7,386.9,387.1,132.5672
2024-05-19 10:15:00,387.1,387.6,386.2,387.3,144.0691
2024-05-19 10:30:00,387.2,387.3,386.8,386.9,34.4084
2024-05-19 10:45:00,386.8,386.8,385.0,385.9,112.3375
2024-05-19 11:00:00,385.9,386.0,384.3,385.0,58.6452
2024-05-19 11:15:00,385.0,385.4,382.7,383.4,146.7397
2024-05-19 11:30:00,383.5,384.2,382.4,384.2,84.3288
2024-05-19 11:45:00,384.2,385.2,383.7,383.7,274.5669
2024-05-19 12:00:00,383.6,384.2,383.1,383.8,63.1157
2024-05-19 12:15:00,383.6,384.6,383.1,384.4,58.0773
2024-05-19 12:30:00,384.5,386.1,384.5,385.0,118.7991
2024-05-19 12:45:00,385.1,386.0,384.6,385.7,83.017
2024-05-19 13:00:00,385.7,387.8,385.6,387.2,172.0034
2024-05-19 13:15:00,387.1,388.5,386.0,386.7,714.707
2024-05-19 13:30:00,386.8,386.8,384.3,384.9,277.6343
2024-05-19 13:45:00,384.9,385.2,383.0,384.2,321.642
2024-05-19 14:00:00,384.2,385.6,383.2,383.6,126.1718
2024-05-19 14:15:00,383.5,386.6,382.2,386.4,208.7728
2024-05-19 14:30:00,386.1,389.7,385.6,389.3,422.8366
2024-05-19 14:45:00,389.2,391.6,388.4,391.4,403.0682
2024-05-19 15:00:00,391.1,394.4,390.2,391.9,688.8027
2024-05-19 15:15:00,391.9,392.9,390.6,391.9,364.2689
2024-05-19 15:30:00,391.9,392.0,387.4,388.0,383.6091
2024-05-19 15:45:00,387.9,388.0,384.4,387.2,429.6804
2024-05-19 16:00:00,386.7,388.1,385.5,385.8,225.4974
2024-05-19 16:15:00,385.7,386.4,383.1,384.1,355.3751
2024-05-19 16:30:00,383.9,385.3,383.0,383.8,372.8378
2024-05-19 16:45:00,384.0,386.7,383.7,386.1,110.3521
2024-05-19 17:00:00,386.1,386.5,385.2,385.9,113.5128
2024-05-19 17:15:00,386.0,386.8,384.8,385.1,178.2281
2024-05-19 17:30:00,385.1,386.6,384.8,386.3,201.6829
2024-05-19 17:45:00,386.3,386.3,382.5,383.2,223.7252
2024-05-19 18:00:00,383.3,383.4,379.1,380.0,817.9923
2024-05-19 18:15:00,380.1,381.6,378.6,379.6,273.0998
2024-05-19 18:30:00,379.6,381.6,378.6,381.3,255.4805
2024-05-19 18:45:00,381.4,381.4,380.0,380.4,126.4092
2024-05-19 19:00:00,380.4,380.5,379.6,380.3,118.2611
2024-05-19 19:15:00,380.3,380.3,375.9,377.0,1043.3103
2024-05-19 19:30:00,377.2,380.3,377.1,379.1,305.0695
2024-05-19 19:45:00,379.0,379.0,376.0,376.5,167.4437
2024-05-19 20:00:00,376.5,378.6,375.4,375.9,301.1965
2024-05-19 20:15:00,375.8,375.9,369.5,369.5,1413.9277
2024-05-19 20:30:00,369.6,371.3,369.5,370.6,356.8239
2024-05-19 20:45:00,370.6,373.9,369.7,372.5,185.7156
2024-05-19 21:00:00,372.5,372.7,369.8,371.1,307.7242
2024-05-19 21:15:00,371.2,373.2,370.9,370.9,168.0065
2024-05-19 21:30:00,370.8,371.6,367.9,369.0,894.2683
2024-05-19 21:45:00,369.2,370.4,368.5,369.6,275.0859
2024-05-19 22:00:00,369.5,370.0,367.6,368.0,175.3632
2024-05-19 22:15:00,368.0,369.7,366.8,369.6,406.6907
2024-05-19 22:30:00,369.6,371.7,369.4,370.4,262.5915
2024-05-19 22:45:00,370.4,372.6,370.0,372.1,375.2026
2024-05-19 23:00:00,372.1,375.3,371.4,373.1,309.3124
2024-05-19 23:15:00,373.1,373.4,368.7,369.2,326.9502
2024-05-19 23:30:00,369.2,369.2,364.2,366.1,1099.8045
2024-05-19 23:45:00,366.0,367.6,363.7,365.0,668.5026
2024-05-20 00:00:00,365.0,367.3,365.0,366.7,243.5242
2024-05-20 00:15:00,366.8,368.3,366.3,368.0,266.3069
2024-05-20 00:30:00,368.0,368.0,365.4,366.7,252.0862
2024-05-20 00:45:00,366.6,368.9,366.3,367.8,233.3028
2024-05-20 01:00:00,367.9,369.5,367.6,368.4,197.475
2024-05-20 01:15:00,368.5,368.7,367.0,367.3,87.5402
2024-05-20 01:30:00,367.3,367.9,365.1,365.5,332.9077
2024-05-20 01:45:00,365.5,365.9,364.7,365.7,232.9957
2024-05-20 02:00:00,365.8,366.4,364.5,366.2,256.9206
2024-05-20 02:15:00,366.2,367.9,366.0,366.5,220.3329
2024-05-20 02:30:00,366.4,366.4,361.9,362.2,306.4304
2024-05-20 02:45:00,362.2,362.8,360.9,362.5,437.3247
2024-05-20 03:00:00,362.3,364.0,361.6,364.0,156.5681
2024-05-20 03:15:00,364.0,365.6,363.6,365.1,175.86
2024-05-20 03:30:00,364.9,364.9,363.7,363.9,122.4804
2024-05-20 03:45:00,363.8,364.6,363.7,364.2,126.2373
2024-05-20 04:00:00,364.2,365.2,363.5,363.9,128.4011
2024-05-20 04:15:00,363.9,363.9,360.6,361.1,807.3553
2024-05-20 04:30:00,361.2,362.0,358.8,362.0,406.8172
2024-05-20 04:45:00,362.0,363.7,361.7,363.3,318.3813
2024-05-20 05:00:00,363.1,365.2,362.9,364.8,398.6124
2024-05-20 05:15:00,364.8,365.6,364.4,365.4,142.1401
2024-05-20 05:30:00,365.4,365.7,364.9,365.2,127.5013
2024-05-20 05:45:00,365.1,365.6,364.8,365.2,80.5783
2024-05-20 06:00:00,365.1,365.3,364.1,364.2,112.1455
2024-05-20 06:15:00,364.2,364.4,363.2,363.2,104.4564
2024-05-20 06:30:00,363.3,364.8,363.1,364.6,108.4952
2024-05-20 06:45:00,364.6,366.0,364.4,365.4,124.578
2024-05-20 07:00:00,365.3,366.3,364.2,364.9,154.1096
2024-05-20 07:15:00,364.8,364.8,362.9,363.7,159.527
2024-05-20 07:30:00,363.7,367.4,362.8,367.0,167.0545
2024-05-20 07:45:00,366.5,367.0,365.6,366.1,190.4023
2024-05-20 08:00:00,366.1,367.2,360.5,362.3,436.0429
2024-05-20 08:15:00,362.3,362.6,359.3,360.8,469.1757
2024-05-20 08:30:00,360.8,362.9,358.1,362.5,447.9524
2024-05-20 08:45:00,362.4,364.6,361.6,364.1,422.1694
2024-05-20 09:00:00,364.3,365.9,363.8,365.1,122.2829
2024-05-20 09:15:00,364.7,367.3,364.5,367.3,359.3904
2024-05-20 09:30:00,367.2,367.8,366.1,367.7,117.7613
2024-05-20 09:45:00,367.7,368.3,367.2,368.0,236.4045
2024-05-20 10:00:00,367.9,369.2,367.6,368.3,387.8813
2024-05-20 10:15:00,368.3,368.7,367.1,367.5,131.3573
2024-05-20 10:30:00,367.5,368.8,367.1,367.1,100.6973
2024-05-20 10:45:00,367.1,367.6,366.3,367.3,254.8101
2024-05-20 11:00:00,367.4,369.2,366.8,367.3,77.4529
2024-05-20 11:15:00,367.2,368.7,366.9,368.5,84.3506
2024-05-20 11:30:00,368.4,373.4,368.0,372.9,478.6243
2024-05-20 11:45:00,372.8,375.5,372.1,374.9,265.4662
2024-05-20 12:00:00,374.7,378.4,374.6,377.5,449.5941
2024-05-20 12:15:00,377.4,378.0,375.0,376.2,341.6201
2024-05-20 12:30:00,376.2,376.8,374.4,375.6,180.3337
2024-05-20 12:45:00,375.7,376.8,375.6,376.0,82.4217
2024-05-20 13:00:00,376.2,376.6,371.3,372.9,215.0516
2024-05-20 13:15:00,373.0,373.6,372.5,373.2,242.148
2024-05-20 13:30:00,373.1,373.5,371.8,371.9,536.0266
2024-05-20 13:45:00,371.9,372.4,367.9,368.8,469.8705
2024-05-20 14:00:00,368.8,372.7,368.0,371.4,651.675
2024-05-20 14:15:00,371.4,372.0,369.2,371.4,291.8691
2024-05-20 14:30:00,371.6,372.2,371.1,371.6,158.6792
2024-05-20 14:45:00,371.6,371.7,370.1,370.5,143.3116
2024-05-20 15:00:00,370.6,374.8,370.6,372.9,602.4233
2024-05-20 15:15:00,372.9,375.5,372.2,374.8,168.488
2024-05-20 15:30:00,374.9,375.4,374.0,374.5,262.0288
2024-05-20 15:45:00,374.5,376.8,374.5,375.5,314.7012
2024-05-20 16:00:00,375.5,376.5,374.2,374.3,431.8345
2024-05-20 16:15:00,374.4,374.5,371.2,373.1,211.2775
2024-05-20 16:30:00,373.0,373.8,372.1,372.9,89.7943
2024-05-20 16:45:00,372.9,373.5,371.2,371.5,114.5095
2024-05-20 17:00:00,371.5,373.5,371.1,371.9,144.0878
2024-05-20 17:15:00,371.8,373.9,371.1,372.4,111.62
2024-05-20 17:30:00,372.3,373.0,370.8,372.2,85.2404
2024-05-20 17:45:00,372.1,373.2,370.3,370.7,165.6375
2024-05-20 18:00:00,370.7,372.4,370.0,372.3,304.1667
2024-05-20 18:15:00,372.2,373.1,371.5,371.9,71.1486
2024-05-20 18:30:00,371.9,371.9,368.5,369.7,150.4991
2024-05-20 18:45:00,369.4,369.9,367.2,368.0,205.3362
2024-05-20 19:00:00,368.0,369.2,367.2,368.7,415.8968
2024-05-20 19:15:00,368.8,368.8,368.0,368.4,105.9942
2024-05-20 19:30:00,368.3,368.6,365.4,365.5,776.3197
2024-05-20 19:45:00,365.6,366.5,365.2,366.3,232.2773
2024-05-20 20:00:00,366.2,368.3,365.8,367.0,170.2206
2024-05-20 20:15:00,367.1,367.8,366.4,366.8,115.6126
2024-05-20 20:30:00,366.5,368.8,366.3,367.8,219.0064
2024-05-20 20:45:00,368.1,370.9,368.0,370.2,148.3821
2024-05-20 21:00:00,370.1,370.3,368.0,368.0,134.1313
2024-05-20 21:15:00,368.3,370.4,367.9,370.2,109.6293
2024-05-20 21:30:00,370.3,370.4,367.5,368.1,442.7978
2024-05-20 21:45:00,368.1,368.6,365.6,367.8,520.0838
2024-05-20 22:00:00,367.8,369.2,366.8,369.1,284.1552
2024-05-20 22:15:00,369.0,373.9,368.8,372.5,778.7543
2024-05-20 22:30:00,372.4,374.5,371.8,373.8,227.179
2024-05-20 22:45:00,373.8,376.4,372.9,376.2,371.7127
2024-05-20 23:00:00,376.1,379.1,375.0,377.9,895.9206
2024-05-20 23:15:00,377.9,380.8,376.5,380.7,517.8046
2024-05-20 23:30:00,380.7,391.0,379.6,390.9,1786.6371
2024-05-20 23:45:00,390.9,394.6,390.5,393.3,1347.8027
2024-05-21 00:00:00,393.3,394.5,388.8,393.0,1053.0847
2024-05-21 00:15:00,393.1,397.5,393.0,396.4,1150.425
2024-05-21 00:30:00,396.3,397.7,393.4,397.5,718.1923
2024-05-21 00:45:00,397.4,404.9,397.0,404.6,3102.7589
2024-05-21 01:00:00,404.5,405.1,400.1,402.3,802.8469
2024-05-21 01:15:00,402.2,405.9,398.9,399.4,822.8321
2024-05-21 01:30:00,399.4,403.2,398.3,401.9,482.2636
2024-05-21 01:45:00,401.7,405.1,401.4,405.1,587.4476
2024-05-21 02:00:00,405.1,405.4,399.8,400.4,621.646
2024-05-21 02:15:00,400.4,411.2,396.4,410.6,3167.1324
2024-05-21 02:30:00,410.5,415.9,410.0,412.2,2869.558
2024-05-21 02:45:00,412.2,418.5,408.9,416.9,1833.0747
2024-05-21 03:00:00,416.9,418.7,412.3,413.3,1378.0887
2024-05-21 03:15:00,413.2,416.2,408.8,409.4,1523.7005
2024-05-21 03:30:00,409.3,410.2,407.1,409.3,2279.5391
2024-05-21 03:45:00,409.1,409.8,404.9,406.4,1207.82
2024-05-21 04:00:00,406.4,406.7,396.4,396.7,1733.4992
2024-05-21 04:15:00,396.6,398.9,393.5,398.4,2082.875
2024-05-21 04:30:00,398.5,403.2,398.2,402.7,1311.5177
2024-05-21 04:45:00,402.7,406.4,401.2,406.0,654.9679
2024-05-21 05:00:00,406.0,406.3,402.3,403.0,453.4657
2024-05-21 05:15:00,403.1,405.7,403.0,404.6,1080.6048
2024-05-21 05:30:00,404.6,407.8,404.4,405.5,745.8938
2024-05-21 05:45:00,405.4,406.3,399.2,399.5,745.8329
2024-05-21 06:00:00,399.5,402.8,399.2,401.3,1085.5747
2024-05-21 06:15:00,401.2,411.2,401.2,409.3,1282.533
2024-05-21 06:30:00,409.3,409.5,406.1,406.8,306.4397
2024-05-21 06:45:00,406.7,408.1,405.9,406.4,352.5615
2024-05-21 07:00:00,406.5,407.8,403.6,405.7,1253.2655
2024-05-21 07:15:00,405.7,410.5,405.0,408.7,662.5613
2024-05-21 07:30:00,408.8,410.5,406.5,407.1,423.9877
2024-05-21 07:45:00,407.2,407.8,402.2,403.4,568.0131
2024-05-21 08:00:00,403.5,403.7,397.3,397.9,712.8585
2024-05-21 08:15:00,397.7,399.3,389.9,390.7,1062.2798
2024-05-21 08:30:00,390.7,395.6,390.2,395.4,380.535
2024-05-21 08:45:00,395.4,400.6,394.6,399.9,691.1998
2024-05-21 09:00:00,400.0,401.1,396.0,397.8,609.0937
2024-05-21 09:15:00,397.8,399.6,395.6,396.3,135.3161
2024-05-21 09:30:00,396.3,401.5,396.3,400.0,490.8262
2024-05-21 09:45:00,399.9,401.0,399.3,400.0,173.2967
2024-05-21 10:00:00,400.0,401.4,399.8,400.8,203.4545
2024-05-21 10:15:00,400.7,408.0,399.2,407.2,1779.8227
2024-05-21 10:30:00,407.2,410.4,406.2,409.6,476.7551
2024-05-21 10:45:00,409.4,411.7,406.9,407.3,873.2004
2024-05-21 11:00:00,407.5,412.4,407.4,409.8,711.9819
2024-05-21 11:15:00,409.8,414.9,409.6,413.8,562.3448
2024-05-21 11:30:00,413.4,430.0,412.6,417.1,4227.9416
2024-05-21 11:45:00,417.1,417.7,411.3,412.3,669.9343
2024-05-21 12:00:00,412.4,415.0,410.3,413.1,724.61
2024-05-21 12:15:00,413.1,419.0,413.0,414.5,519.2662
2024-05-21 12:30:00,414.6,418.1,413.7,415.7,495.4863
2024-05-21 12:45:00,416.0,419.8,416.0,417.7,400.2027
2024-05-21 13:00:00,417.8,417.9,415.1,416.7,295.642
2024-05-21 13:15:00,416.8,418.5,416.1,417.6,366.178
2024-05-21 13:30:00,417.5,417.6,414.8,416.8,405.3698
2024-05-21 13:45:00,416.9,418.6,416.1,417.6,358.7826
2024-05-21 14:00:00,417.8,421.9,417.3,419.3,659.9123
2024-05-21 14:15:00,419.3,426.1,419.1,424.1,1445.6369
2024-05-21 14:30:00,424.1,427.7,422.6,424.1,1206.697
2024-05-21 14:45:00,424.0,426.2,422.5,425.9,569.4384
2024-05-21 15:00:00,425.9,426.1,423.2,425.7,318.1674
2024-05-21 15:15:00,425.5,425.7,422.6,425.4,484.0961
2024-05-21 15:30:00,425.5,428.3,424.9,428.0,961.0015
2024-05-21 15:45:00,428.1,428.6,425.2,425.8,342.2121
2024-05-21 16:00:00,425.8,428.9,424.9,427.7,398.6739
2024-05-21 16:15:00,427.6,433.0,427.4,432.4,1305.6557
2024-05-21 16:30:00,432.5,435.9,431.7,432.9,913.4697
2024-05-21 16:45:00,432.9,437.0,432.0,436.4,1060.7412
2024-05-21 17:00:00,436.4,438.1,433.5,437.2,789.1312
2024-05-21 17:15:00,437.2,437.4,434.3,436.3,565.4992
2024-05-21 17:30:00,436.2,438.4,435.3,436.1,386.9149
2024-05-21 17:45:00,436.0,437.1,434.1,435.3,515.088
2024-05-21 18:00:00,435.4,437.2,431.2,434.6,1611.1066
2024-05-21 18:15:00,434.6,439.9,434.4,439.6,739.3831
2024-05-21 18:30:00,439.6,444.0,439.1,442.3,716.7883
2024-05-21 18:45:00,442.3,445.6,439.1,441.6,820.4095
2024-05-21 19:00:00,441.8,443.5,434.5,434.7,1246.6334
2024-05-21 19:15:00,434.6,437.3,431.9,433.5,1037.6336
2024-05-21 19:30:00,433.9,435.5,431.0,433.8,854.9738
2024-05-21 19:45:00,433.7,434.1,428.4,431.8,1142.541
2024-05-21 20:00:00,431.9,432.0,425.7,426.4,1561.663
2024-05-21 20:15:00,426.3,432.9,425.9,430.8,1364.7984
2024-05-21 20:30:00,430.8,433.6,429.1,431.5,842.344
2024-05-21 20:45:00,431.5,432.2,423.2,424.5,916.3423
2024-05-21 21:00:00,424.6,427.7,424.2,425.9,509.9204
2024-05-21 21:15:00,425.9,430.6,425.3,427.1,306.3711
2024-05-21 21:30:00,427.4,432.7,427.3,430.8,689.8246
2024-05-21 21:45:00,430.8,431.6,427.7,428.8,680.7345
2024-05-21 22:00:00,428.7,430.9,426.0,426.9,328.3529
2024-05-21 22:15:00,426.9,431.9,425.4,431.1,327.7837
2024-05-21 22:30:00,431.2,431.4,426.5,427.8,257.9891
2024-05-21 22:45:00,428.0,428.6,421.7,423.4,508.0574
2024-05-21 23:00:00,423.6,428.0,422.0,427.9,431.7179
2024-05-21 23:15:00,427.9,430.0,425.5,426.7,488.5826
2024-05-21 23:30:00,426.8,429.1,423.6,427.3,362.4375
2024-05-21 23:45:00,427.3,428.5,425.7,426.9,746.8094
2024-05-22 00:00:00,426.9,454.5,421.2,425.4,10165.3911
2024-05-22 00:15:00,425.3,430.2,425.3,427.8,1106.79
2024-05-22 00:30:00,427.9,429.6,422.1,423.0,1152.4886
2024-05-22 00:45:00,422.9,423.2,421.1,421.4,624.3906
2024-05-22 01:00:00,421.5,426.9,421.2,423.9,996.7504
2024-05-22 01:15:00,423.9,427.5,423.2,425.3,671.83
2024-05-22 01:30:00,425.4,426.9,422.7,422.9,393.5094
2024-05-22 01:45:00,423.1,424.0,422.1,423.3,282.327
2024-05-22 02:00:00,423.3,423.5,420.3,421.0,415.5889
2024-05-22 02:15:00,421.0,421.0,413.2,414.5,1221.6331
2024-05-22 02:30:00,414.6,417.9,411.7,417.4,919.6843
2024-05-22 02:45:00,417.5,419.7,417.0,418.9,359.2658
2024-05-22 03:00:00,419.1,424.5,418.8,421.7,569.8977
2024-05-22 03:15:00,421.9,423.6,421.6,423.5,148.2904
2024-05-22 03:30:00,423.5,425.5,423.5,424.9,289.2444
2024-05-22 03:45:00,425.0,425.4,422.0,422.9,336.9958
2024-05-22 04:00:00,422.9,424.0,421.6,421.8,199.5491
2024-05-22 04:15:00,421.6,421.7,417.3,419.1,320.8951
2024-05-22 04:30:00,418.9,419.1,416.1,416.9,232.5099
2024-05-22 04:45:00,417.1,423.5,416.9,422.9,266.6914
2024-05-22 05:00:00,422.9,424.6,420.6,424.1,428.3499
2024-05-22 05:15:00,424.1,425.5,422.7,424.1,241.8866
2024-05-22 05:30:00,424.3,425.9,422.8,423.2,449.8845
2024-05-22 05:45:00,423.3,426.8,423.2,424.5,684.7588
2024-05-22 06:00:00,424.3,424.7,421.5,423.0,290.0245
2024-05-22 06:15:00,423.0,423.8,421.4,423.3,131.0603
2024-05-22 06:30:00,423.4,424.5,422.6,424.3,238.8832
2024-05-22 06:45:00,424.2,424.6,422.6,423.8,297.1118
2024-05-22 07:00:00,423.9,425.8,422.8,424.0,484.9318
2024-05-22 07:15:00,424.0,426.1,423.4,424.9,561.6574
2024-05-22 07:30:00,424.9,425.0,422.2,423.1,119.0252
2024-05-22 07:45:00,423.1,423.4,419.3,420.5,371.4555
2024-05-22 08:00:00,420.4,423.3,419.5,423.1,327.818
2024-05-22 08:15:00,423.1,425.3,422.4,422.8,247.2231
2024-05-22 08:30:00,422.9,423.5,418.6,419.6,439.6283
2024-05-22 08:45:00,419.6,421.6,419.0,421.3,340.4821
2024-05-22 09:00:00,421.3,422.0,420.2,421.8,284.3205
2024-05-22 09:15:00,421.8,421.8,418.1,419.7,414.8959
2024-05-22 09:30:00,419.6,419.6,417.2,417.5,348.1617
2024-05-22 09:45:00,417.6,418.9,417.3,417.5,80.4061
2024-05-22 10:00:00,417.3,417.6,415.6,416.4,155.5894
2024-05-22 10:15:00,416.3,418.7,415.7,418.7,170.1559
2024-05-22 10:30:00,418.7,422.1,418.3,421.1,834.6057
2024-05-22 10:45:00,421.2,424.2,420.9,424.1,830.7767
2024-05-22 11:00:00,424.2,425.7,422.1,424.3,687.8635
2024-05-22 11:15:00,424.2,426.2,422.3,422.6,346.6731
2024-05-22 11:30:00,422.6,423.3,418.7,418.8,426.6802
2024-05-22 11:45:00,418.7,421.1,416.8,420.9,551.5148
2024-05-22 12:00:00,420.8,421.3,419.1,420.7,106.669
2024-05-22 12:15:00,420.7,423.5,420.7,422.9,241.2773
2024-05-22 12:30:00,422.8,424.8,422.4,424.8,220.3853
2024-05-22 12:45:00,424.8,425.8,424.1,425.0,245.6
2024-05-22 13:00:00,424.9,428.7,423.8,426.6,625.6403
2024-05-22 13:15:00,426.6,428.2,425.1,426.6,669.8729
2024-05-22 13:30:00,426.5,430.3,426.4,428.6,486.2743
2024-05-22 13:45:00,428.5,431.0,428.5,429.7,325.6538
2024-05-22 14:00:00,429.6,431.7,427.5,428.2,309.8375
2024-05-22 14:15:00,428.0,430.4,426.0,428.5,787.4552
2024-05-22 14:30:00,428.5,428.5,424.2,425.7,1468.4158
2024-05-22 14:45:00,425.6,426.5,421.3,422.1,1319.7006
2024-05-22 15:00:00,422.1,423.3,419.8,423.2,712.146
2024-05-22 15:15:00,423.1,425.6,422.6,425.4,220.8806
2024-05-22 15:30:00,425.4,426.6,423.4,424.4,331.4217
2024-05-22 15:45:00,424.4,426.4,424.0,425.8,191.9666
2024-05-22 16:00:00,425.9,425.9,421.8,422.9,372.678
2024-05-22 16:15:00,423.0,425.5,422.2,424.4,218.0446
2024-05-22 16:30:00,424.4,425.5,423.4,424.9,139.625
2024-05-22 16:45:00,424.7,426.6,424.1,424.8,201.2968
2024-05-22 17:00:00,424.6,426.8,423.2,425.4,250.8665
2024-05-22 17:15:00,425.5,429.4,425.1,427.6,607.3948
2024-05-22 17:30:00,427.6,431.2,426.6,429.9,802.2255
2024-05-22 17:45:00,429.8,432.4,429.1,432.2,577.8571
2024-05-22 18:00:00,432.1,442.3,431.0,437.7,1320.99
2024-05-22 18:15:00,437.6,437.8,432.8,433.9,452.7976
2024-05-22 18:30:00,433.9,436.2,431.8,432.4,272.7686
2024-05-22 18:45:00,432.4,432.7,427.5,427.6,425.4869
2024-05-22 19:00:00,427.5,433.5,427.3,431.6,674.5371
2024-05-22 19:15:00,431.6,432.9,429.9,431.1,175.1664
2024-05-22 19:30:00,431.1,432.1,423.0,424.5,1080.4565
2024-05-22 19:45:00,424.3,425.4,420.8,422.6,675.5017
2024-05-22 20:00:00,422.6,425.3,422.5,425.0,474.8054
2024-05-22 20:15:00,424.9,433.1,424.9,426.7,810.0539
2024-05-22 20:30:00,426.8,431.4,426.8,428.6,623.7449
2024-05-22 20:45:00,428.5,430.9,426.1,430.3,783.2114
2024-05-22 21:00:00,430.5,430.8,424.2,425.0,616.8606
2024-05-22 21:15:00,425.1,430.0,424.5,427.6,655.7977
2024-05-22 21:30:00,427.0,427.2,424.7,425.8,285.5965
2024-05-22 21:45:00,425.6,429.7,425.3,428.3,465.5889
2024-05-22 22:00:00,428.3,429.3,424.7,425.0,404.3372
2024-05-22 22:15:00,424.8,430.0,424.2,429.9,293.2837
2024-05-22 22:30:00,429.7,433.6,429.4,432.4,583.2964
2024-05-22 22:45:00,432.5,438.5,431.7,437.0,1147.2767
2024-05-22 23:00:00,437.0,442.2,434.1,442.1,1164.6503
2024-05-22 23:15:00,442.0,442.0,435.0,437.1,637.0568
2024-05-22 23:30:00,437.3,438.2,430.4,434.2,1246.2281
2024-05-22 23:45:00,434.2,437.2,434.1,437.2,504.4648
2024-05-23 00:00:00,437.3,439.3,433.5,438.3,243.6595
2024-05-23 00:15:00,438.4,441.7,437.7,440.5,371.1826
2024-05-23 00:30:00,440.4,443.7,436.5,436.9,653.2261
2024-05-23 00:45:00,436.9,440.2,436.4,439.6,254.3549
2024-05-23 01:00:00,439.0,440.4,436.0,436.8,333.3146
2024-05-23 01:15:00,436.8,437.9,430.6,433.3,537.3284
2024-05-23 01:30:00,433.3,434.7,431.0,433.5,348.2128
2024-05-23 01:45:00,433.4,439.5,433.2,439.3,339.8055
2024-05-23 02:00:00,439.2,441.8,437.2,439.3,300.8851
2024-05-23 02:15:00,439.4,443.0,438.6,443.0,517.331
2024-05-23 02:30:00,442.9,450.4,442.3,449.4,1460.5836
2024-05-23 02:45:00,449.3,457.6,448.3,449.9,1402.158
2024-05-23 03:00:00,450.0,451.6,440.2,447.0,1718.1829
2024-05-23 03:15:00,447.1,457.9,445.6,447.4,2476.2135
2024-05-23 03:30:00,447.4,449.6,439.4,441.6,1578.1306
2024-05-23 03:45:00,441.8,444.7,438.2,442.3,1103.6155
2024-05-23 04:00:00,442.2,451.7,440.4,440.4,2119.5591
2024-05-23 04:15:00,440.3,450.3,440.2,450.2,1585.5915
2024-05-23 04:30:00,449.8,472.5,448.9,466.7,3488.9244
2024-05-23 04:45:00,466.8,477.0,461.4,468.6,3360.3995
2024-05-23 05:00:00,468.7,473.0,464.5,470.3,1693.0198
2024-05-23 05:15:00,470.3,472.2,461.5,462.4,1177.2375
2024-05-23 05:30:00,462.8,462.8,450.0,450.8,1497.9418
2024-05-23 05:45:00,451.0,453.8,448.5,452.9,911.1803
2024-05-23 06:00:00,452.7,456.1,449.3,454.1,604.6999
2024-05-23 06:15:00,454.0,454.0,448.8,449.0,882.4935
2024-05-23 06:30:00,449.0,450.2,445.1,445.6,608.69
2024-05-23 06:45:00,445.7,448.2,444.8,446.2,552.2974
2024-05-23 07:00:00,446.7,450.4,445.3,447.7,637.005
2024-05-23 07:15:00,446.7,448.3,441.7,443.9,868.0479
2024-05-23 07:30:00,443.8,451.0,442.6,450.8,332.3011
2024-05-23 07:45:00,450.8,452.1,447.1,448.0,337.1111
2024-05-23 08:00:00,447.4,447.9,438.0,440.3,1401.4521
2024-05-23 08:15:00,440.2,444.5,438.2,444.0,561.8948
2024-05-23 08:30:00,443.7,447.3,442.8,445.7,429.0599
2024-05-23 08:45:00,445.3,451.2,444.6,447.8,923.4152
2024-05-23 09:00:00,447.8,450.8,447.5,449.2,207.2407
2024-05-23 09:15:00,448.9,452.2,448.8,450.8,518.473
2024-05-23 09:30:00,450.8,453.5,450.0,452.9,327.4617
2024-05-23 09:45:00,453.1,454.8,451.8,453.7,499.8759
2024-05-23 10:00:00,453.7,460.8,452.2,459.7,920.924
2024-05-23 10:15:00,459.7,459.8,455.9,458.1,859.8489
2024-05-23 10:30:00,457.9,459.3,455.7,456.2,275.8096
2024-05-23 10:45:00,456.0,459.8,454.3,458.1,627.813
2024-05-23 11:00:00,458.0,459.9,456.6,457.3,337.2812
2024-05-23 11:15:00,457.4,463.0,457.3,459.8,543.8101
2024-05-23 11:30:00,460.0,465.0,458.0,461.3,893.4194
2024-05-23 11:45:00,461.5,462.9,458.8,461.0,422.1139
2024-05-23 12:00:00,460.9,465.0,460.3,463.9,423.8088
2024-05-23 12:15:00,463.9,468.2,463.6,467.1,857.5308
2024-05-23 12:30:00,467.2,468.4,463.6,467.8,722.2308
2024-05-23 12:45:00,467.7,469.6,465.2,466.7,773.6567
2024-05-23 13:00:00,466.8,471.9,464.9,469.5,950.4927
2024-05-23 13:15:00,469.4,478.6,467.4,470.9,1928.0307
2024-05-23 13:30:00,470.9,482.0,470.9,476.6,2525.4642
2024-05-23 13:45:00,476.5,481.8,475.4,477.5,893.2171
2024-05-23 14:00:00,477.6,483.5,477.5,483.0,2067.2822
2024-05-23 14:15:00,482.9,489.0,480.4,484.0,2202.8583
2024-05-23 14:30:00,484.0,487.4,479.2,485.6,1249.4384
2024-05-23 14:45:00,485.5,486.4,480.1,481.6,874.2443
2024-05-23 15:00:00,481.5,483.7,475.8,483.0,1352.6419
2024-05-23 15:15:00,483.0,487.2,478.4,479.2,782.4031
2024-05-23 15:30:00,479.2,482.0,479.2,480.8,619.7778
2024-05-23 15:45:00,480.9,484.6,479.7,483.3,711.4241
2024-05-23 16:00:00,483.5,484.9,480.3,484.5,475.7593
2024-05-23 16:15:00,484.5,486.5,483.1,486.3,1562.1407
2024-05-23 16:30:00,486.2,487.3,482.2,482.7,579.4302
2024-05-23 16:45:00,482.8,485.7,479.8,482.2,724.4965
2024-05-23 17:00:00,482.2,486.7,482.1,486.6,711.8453
2024-05-23 17:15:00,486.6,489.4,484.4,488.4,1358.6
2024-05-23 17:30:00,488.3,491.1,484.7,488.5,1821.874
2024-05-23 17:45:00,488.6,488.8,481.0,482.5,1475.2893
2024-05-23 18:00:00,482.6,486.2,481.3,482.2,742.2364
2024-05-23 18:15:00,482.2,483.6,465.0,476.0,4400.8007
2024-05-23 18:30:00,475.9,482.5,475.4,478.6,1342.7386
2024-05-23 18:45:00,478.5,482.0,476.5,481.2,738.0449
2024-05-23 19:00:00,481.0,481.0,473.6,475.7,1091.7518
2024-05-23 19:15:00,475.7,476.1,468.0,472.2,1815.8146
2024-05-23 19:30:00,472.4,476.3,468.9,474.3,738.1374
2024-05-23 19:45:00,474.2,478.3,467.1,474.5,1236.285
2024-05-23 20:00:00,474.4,476.3,467.6,468.0,1349.2376
2024-05-23 20:15:00,468.0,468.1,462.4,463.5,1065.4241
2024-05-23 20:30:00,463.6,465.0,454.1,456.2,1511.1136
2024-05-23 20:45:00,456.1,456.6,441.0,450.0,3509.1316
2024-05-23 21:00:00,449.7,453.7,449.0,453.5,1759.7553
2024-05-23 21:15:00,453.7,454.5,448.8,449.4,1098.4672
2024-05-23 21:30:00,449.5,450.6,442.4,443.2,1133.079
2024-05-23 21:45:00,443.1,443.6,439.5,440.6,1193.1012
2024-05-23 22:00:00,440.7,454.7,440.4,454.6,1186.273
2024-05-23 22:15:00,454.6,459.9,452.7,453.3,1214.8318
2024-05-23 22:30:00,453.4,454.7,451.0,452.7,321.3622
2024-05-23 22:45:00,452.6,453.0,450.0,451.8,405.0284
2024-05-23 23:00:00,451.6,457.2,451.6,453.4,454.0803
2024-05-23 23:15:00,453.4,456.2,451.9,454.3,360.564
2024-05-23 23:30:00,454.3,457.9,454.2,455.3,397.8909
2024-05-23 23:45:00,455.5,455.6,452.1,453.6,305.3378
2024-05-24 00:00:00,453.6,454.6,451.2,451.8,628.9283
2024-05-24 00:15:00,451.7,451.9,449.3,451.1,432.5126
2024-05-24 00:30:00,451.1,453.3,447.5,448.2,618.3847
2024-05-24 00:45:00,448.1,456.7,443.8,453.6,4112.9139
2024-05-24 01:00:00,453.4,453.5,444.3,447.6,918.7298
2024-05-24 01:15:00,447.7,449.2,441.0,443.6,1376.8099
2024-05-24 01:30:00,443.5,452.2,441.8,449.5,868.6727
2024-05-24 01:45:00,449.4,454.0,449.1,451.3,598.8186
2024-05-24 02:00:00,451.2,452.6,448.1,448.1,209.2482
2024-05-24 02:15:00,447.7,452.0,446.6,451.8,250.9966
2024-05-24 02:30:00,451.7,452.5,449.9,451.3,352.4742
2024-05-24 02:45:00,451.5,451.6,448.1,448.9,388.0216
2024-05-24 03:00:00,449.1,449.2,433.3,434.6,3312.427
2024-05-24 03:15:00,434.5,448.5,434.3,447.1,2052.0992
2024-05-24 03:30:00,447.0,448.9,444.1,448.4,586.2511
2024-05-24 03:45:00,448.0,455.2,448.0,453.0,548.5789
2024-05-24 04:00:00,452.9,465.3,450.4,462.6,3432.8795
2024-05-24 04:15:00,462.3,462.5,446.5,453.4,3175.8804
2024-05-24 04:30:00,453.5,459.0,453.4,458.6,656.5803
2024-05-24 04:45:00,458.5,458.6,453.0,455.6,384.1454
2024-05-24 05:00:00,455.7,456.4,453.1,453.2,269.8121
2024-05-24 05:15:00,453.3,453.7,447.1,448.6,1021.5087
2024-05-24 05:30:00,448.7,451.8,447.7,451.2,342.9116
2024-05-24 05:45:00,451.2,452.0,450.0,451.2,120.2516
2024-05-24 06:00:00,451.5,452.6,447.1,447.6,248.4562
2024-05-24 06:15:00,447.4,450.1,447.0,448.5,235.2396
2024-05-24 06:30:00,448.3,449.3,446.1,446.2,297.9829
2024-05-24 06:45:00,446.2,450.6,445.9,450.6,268.224
2024-05-24 07:00:00,450.5,451.9,449.0,449.0,142.2014
2024-05-24 07:15:00,448.9,454.9,447.5,452.3,330.7281
2024-05-24 07:30:00,451.7,457.4,450.5,456.8,539.5921
2024-05-24 07:45:00,456.9,458.3,454.2,454.6,301.2521
2024-05-24 08:00:00,454.6,454.8,449.7,452.1,380.4552
2024-05-24 08:15:00,452.3,455.5,450.8,455.1,240.527
2024-05-24 08:30:00,455.3,460.4,455.3,459.2,585.406
2024-05-24 08:45:00,459.1,464.1,459.1,462.6,499.0355
2024-05-24 09:00:00,462.5,466.4,461.6,464.0,353.5842
2024-05-24 09:15:00,464.1,464.1,458.1,458.9,455.345
2024-05-24 09:30:00,458.9,459.0,455.9,458.9,346.4244
2024-05-24 09:45:00,459.2,465.7,459.2,463.3,331.5563
2024-05-24 10:00:00,463.4,464.9,460.7,462.1,436.5307
2024-05-24 10:15:00,462.0,466.2,460.6,465.0,216.2227
2024-05-24 10:30:00,464.6,465.6,462.7,463.0,349.4893
2024-05-24 10:45:00,462.8,467.0,462.8,464.7,251.6529
2024-05-24 11:00:00,464.9,465.0,462.3,464.1,208.644
2024-05-24 11:15:00,464.2,464.5,458.8,459.1,173.8099
2024-05-24 11:30:00,459.0,462.0,458.3,462.0,251.4142
2024-05-24 11:45:00,461.8,466.1,461.1,465.3,444.4162
2024-05-24 12:00:00,465.3,468.8,463.3,465.1,222.1666
2024-05-24 12:15:00,465.1,467.0,462.4,464.5,351.5386
2024-05-24 12:30:00,464.7,464.7,457.9,458.9,447.5736
2024-05-24 12:45:00,458.8,462.2,453.5,454.0,843.8313
2024-05-24 13:00:00,453.9,454.9,447.6,453.4,918.7758
2024-05-24 13:15:00,453.6,453.8,444.0,444.0,760.6824
2024-05-24 13:30:00,444.0,446.3,443.1,445.0,572.3027
2024-05-24 13:45:00,445.0,445.5,435.9,436.7,774.5571
2024-05-24 14:00:00,436.7,437.7,432.0,435.9,928.4034
2024-05-24 14:15:00,435.9,440.6,434.7,440.2,662.5736
2024-05-24 14:30:00,440.2,441.3,439.2,439.8,531.6971
2024-05-24 14:45:00,439.8,441.2,439.5,439.6,185.453
2024-05-24 15:00:00,439.6,441.7,436.7,436.7,159.5408
2024-05-24 15:15:00,436.6,436.9,428.2,428.5,1597.2345
2024-05-24 15:30:00,428.4,438.1,428.2,437.0,872.879
2024-05-24 15:45:00,437.2,438.0,435.1,435.1,264.4661
2024-05-24 16:00:00,435.1,435.7,432.2,435.3,566.155
2024-05-24 16:15:00,435.3,435.5,429.5,430.7,607.146
2024-05-24 16:30:00,430.6,434.1,428.7,432.0,523.4123
2024-05-24 16:45:00,432.1,435.4,431.4,434.9,545.5204
2024-05-24 17:00:00,434.8,437.9,434.3,434.7,574.3447
2024-05-24 17:15:00,434.9,435.5,432.6,435.4,319.488
2024-05-24 17:30:00,435.3,436.5,432.7,435.6,386.5899
2024-05-24 17:45:00,435.6,436.4,431.7,433.0,239.6226
2024-05-24 18:00:00,433.0,435.5,431.5,434.8,327.5418
2024-05-24 18:15:00,434.8,434.8,432.1,432.8,318.2607
2024-05-24 18:30:00,432.8,433.7,431.0,431.1,355.5445
2024-05-24 18:45:00,431.1,431.8,427.8,430.7,1300.9168
2024-05-24 19:00:00,430.7,432.5,427.7,432.0,390.7828
2024-05-24 19:15:00,432.0,432.1,427.4,427.5,460.6765
2024-05-24 19:30:00,427.5,427.8,423.5,424.6,860.4134
2024-05-24 19:45:00,424.8,427.1,424.6,427.0,652.8579
2024-05-24 20:00:00,427.0,428.0,424.6,426.1,299.3004
2024-05-24 20:15:00,426.0,430.1,426.0,429.9,454.0851
2024-05-24 20:30:00,429.9,430.0,426.5,427.3,248.3165
2024-05-24 20:45:00,427.2,427.6,422.3,423.7,507.412
2024-05-24 21:00:00,423.9,426.6,422.0,425.7,435.9644
2024-05-24 21:15:00,425.7,430.4,425.4,428.4,346.6729
2024-05-24 21:30:00,428.4,433.7,427.4,431.0,669.1069
2024-05-24 21:45:00,431.0,431.1,427.1,429.0,385.6197
2024-05-24 22:00:00,428.9,434.8,428.7,433.2,1048.2588
2024-05-24 22:15:00,433.3,434.3,429.0,429.9,544.1701
2024-05-24 22:30:00,430.0,435.0,429.7,433.9,570.7413
2024-05-24 22:45:00,433.9,435.4,431.9,433.5,481.7171
2024-05-24 23:00:00,433.5,434.7,431.0,431.3,575.8726
2024-05-24 23:15:00,431.2,433.6,430.6,431.4,356.5498
2024-05-24 23:30:00,431.4,431.9,426.6,427.3,153.5628
2024-05-24 23:45:00,427.1,429.8,426.6,428.7,225.2561
2024-05-25 00:00:00,428.7,429.7,426.0,428.9,286.373
2024-05-25 00:15:00,428.8,434.8,428.7,431.1,367.1917
2024-05-25 00:30:00,431.2,432.3,430.6,431.6,158.6851
2024-05-25 00:45:00,431.7,435.1,431.7,434.4,305.7666
2024-05-25 01:00:00,434.2,439.0,431.0,439.0,880.1142
2024-05-25 01:15:00,438.9,439.6,435.3,436.2,263.9369
2024-05-25 01:30:00,436.3,437.8,434.0,436.9,391.944
2024-05-25 01:45:00,436.9,437.4,435.4,436.4,250.4116
2024-05-25 02:00:00,436.3,436.7,435.2,435.6,303.5781
2024-05-25 02:15:00,435.5,438.1,435.4,436.9,318.3668
2024-05-25 02:30:00,436.8,438.1,435.6,437.1,133.8174
2024-05-25 02:45:00,436.9,439.7,435.4,439.5,578.7672
2024-05-25 03:00:00,439.6,443.1,439.4,440.7,534.9854
2024-05-25 03:15:00,440.8,441.5,437.0,437.0,161.1524
2024-05-25 03:30:00,437.1,437.5,435.7,435.8,188.4516
2024-05-25 03:45:00,435.6,437.3,433.8,436.7,134.0408
2024-05-25 04:00:00,437.0,438.3,433.9,433.9,118.3068
2024-05-25 04:15:00,434.1,436.1,433.3,435.0,224.0574
2024-05-25 04:30:00,435.0,436.9,434.8,435.2,113.269
2024-05-25 04:45:00,435.4,435.7,433.8,434.4,82.4634
2024-05-25 05:00:00,434.4,435.3,431.3,433.4,224.1909
2024-05-25 05:15:00,433.5,434.1,432.2,433.3,94.9283
2024-05-25 05:30:00,433.4,434.3,433.1,433.1,75.4265
2024-05-25 05:45:00,432.9,433.2,432.1,433.2,67.4691
2024-05-25 06:00:00,433.1,434.1,432.2,433.9,74.493
2024-05-25 06:15:00,433.9,434.2,432.9,433.5,63.7023
2024-05-25 06:30:00,433.4,434.9,432.8,434.9,191.1128
2024-05-25 06:45:00,434.9,437.7,434.8,436.4,120.698
2024-05-25 07:00:00,436.3,437.1,435.3,435.3,209.5012
2024-05-25 07:15:00,435.1,438.7,433.7,436.9,174.7426
2024-05-25 07:30:00,436.9,437.1,435.7,435.9,124.038
2024-05-25 07:45:00,435.7,435.7,432.5,433.5,258.6215
2024-05-25 08:00:00,433.5,437.4,433.5,437.1,127.5966
2024-05-25 08:15:00,437.2,437.4,436.1,436.4,36.9872
2024-05-25 08:30:00,436.4,437.9,434.7,437.9,59.9804
2024-05-25 08:45:00,437.8,438.6,436.8,437.5,85.6964
2024-05-25 09:00:00,437.5,439.7,436.7,439.3,102.908
2024-05-25 09:15:00,439.2,439.7,438.2,438.6,49.6608
2024-05-25 09:30:00,438.7,438.8,437.0,437.2,30.8825
2024-05-25 09:45:00,437.3,440.2,437.2,439.7,47.0733
2024-05-25 10:00:00,440.1,441.0,439.1,440.0,99.13
2024-05-25 10:15:00,440.0,440.0,438.3,439.6,48.5353
2024-05-25 10:30:00,439.6,439.6,436.0,436.8,136.9987
2024-05-25 10:45:00,436.9,438.4,435.9,436.9,372.452
2024-05-25 11:00:00,436.9,441.0,436.8,438.9,261.2365
2024-05-25 11:15:00,439.2,439.4,436.8,437.0,107.9202
2024-05-25 11:30:00,437.1,440.4,437.0,440.4,87.497
2024-05-25 11:45:00,440.3,443.8,440.1,442.0,669.7064
2024-05-25 12:00:00,442.1,445.0,440.0,444.0,271.102
2024-05-25 12:15:00,443.9,445.8,443.5,444.2,353.7252
2024-05-25 12:30:00,444.3,446.3,443.9,445.4,124.2685
2024-05-25 12:45:00,445.3,447.4,445.3,446.8,118.6558
2024-05-25 13:00:00,446.6,448.1,444.7,448.0,147.9738
2024-05-25 13:15:00,447.9,448.4,444.7,445.8,183.3187
2024-05-25 13:30:00,445.7,445.8,441.6,441.9,190.7255
2024-05-25 13:45:00,441.8,441.8,440.0,440.6,136.6167
2024-05-25 14:00:00,440.7,442.2,440.0,442.1,137.3364
2024-05-25 14:15:00,442.1,442.1,439.2,439.2,217.8583
2024-05-25 14:30:00,439.4,439.6,437.2,438.3,139.0087
2024-05-25 14:45:00,438.2,440.0,438.2,439.8,210.7615
2024-05-25 15:00:00,439.6,439.8,438.2,438.6,115.2237
2024-05-25 15:15:00,438.6,440.0,438.0,438.7,118.9165
2024-05-25 15:30:00,438.7,440.4,438.0,438.7,178.6225
2024-05-25 15:45:00,438.6,438.7,436.0,436.3,217.1024
2024-05-25 16:00:00,436.3,437.3,435.4,437.2,315.3853
2024-05-25 16:15:00,437.4,438.7,437.0,438.4,140.0994
2024-05-25 16:30:00,438.4,439.4,437.3,439.0,244.0814
2024-05-25 16:45:00,439.0,441.0,438.8,439.5,191.9185
2024-05-25 17:00:00,439.7,440.0,437.0,438.0,681.9505
2024-05-25 17:15:00,437.8,439.6,436.8,438.6,402.7645
2024-05-25 17:30:00,438.4,438.8,437.0,437.3,106.256
2024-05-25 17:45:00,437.3,440.5,437.3,440.0,227.089
2024-05-25 18:00:00,439.9,442.1,439.1,442.0,139.662
2024-05-25 18:15:00,442.0,444.7,441.1,441.6,466.7424
2024-05-25 18:30:00,441.5,441.6,436.5,437.1,167.8927
2024-05-25 18:45:00,437.1,437.8,435.3,436.5,298.4557
2024-05-25 19:00:00,436.3,436.3,431.8,432.4,445.6567
2024-05-25 19:15:00,432.2,434.8,432.1,434.6,178.9564
2024-05-25 19:30:00,434.3,434.3,431.6,432.0,166.7817
2024-05-25 19:45:00,432.0,433.1,431.0,432.4,180.1496
2024-05-25 20:00:00,432.3,433.8,432.2,433.8,148.5228
2024-05-25 20:15:00,433.7,435.1,433.0,435.0,177.9364
2024-05-25 20:30:00,435.0,435.0,430.0,431.3,342.34
2024-05-25 20:45:00,431.2,431.8,429.6,431.5,197.3883
2024-05-25 21:00:00,431.4,434.0,431.2,432.7,184.251
2024-05-25 21:15:00,432.8,433.1,430.0,430.2,170.8503
2024-05-25 21:30:00,430.1,431.0,428.3,429.9,559.4663
2024-05-25 21:45:00,429.7,433.9,429.3,432.5,312.8561
2024-05-25 22:00:00,432.6,434.4,432.1,433.2,278.1052
2024-05-25 22:15:00,433.3,433.8,431.3,433.7,208.6411
2024-05-25 22:30:00,433.6,434.5,432.6,432.9,209.0949
2024-05-25 22:45:00,432.8,433.9,431.6,433.9,172.3983
2024-05-25 23:00:00,434.0,435.1,430.7,431.4,423.1626
2024-05-25 23:15:00,431.4,431.5,428.6,429.0,299.3399
2024-05-25 23:30:00,428.9,429.9,428.6,429.6,87.9841
2024-05-25 23:45:00,429.6,429.7,428.4,429.1,172.4049
2024-05-26 00:00:00,429.1,431.8,428.8,430.9,319.7569
2024-05-26 00:15:00,430.8,433.0,430.6,432.7,331.6209
2024-05-26 00:30:00,432.6,432.6,430.8,431.0,199.4576
2024-05-26 00:45:00,430.9,432.0,430.7,431.1,107.7684
2024-05-26 01:00:00,431.1,431.8,429.9,431.3,137.7905
2024-05-26 01:15:00,431.2,431.4,429.6,430.1,154.0356
2024-05-26 01:30:00,429.9,429.9,428.5,429.7,78.6634
2024-05-26 01:45:00,429.8,431.6,429.8,431.4,74.1587
2024-05-26 02:00:00,431.3,431.6,430.0,430.7,116.992
2024-05-26 02:15:00,430.7,431.1,429.6,430.1,82.1965
2024-05-26 02:30:00,430.1,430.6,429.5,430.5,122.9853
2024-05-26 02:45:00,430.5,430.6,429.0,429.1,141.1022
2024-05-26 03:00:00,429.0,429.9,425.9,426.2,349.1825
2024-05-26 03:15:00,426.2,426.7,424.4,425.2,300.4806
2024-05-26 03:30:00,425.2,426.0,424.4,425.3,165.2204
2024-05-26 03:45:00,425.2,426.8,424.6,426.2,183.3885
2024-05-26 04:00:00,426.2,426.7,424.9,425.6,110.3076
2024-05-26 04:15:00,425.5,425.6,422.4,424.4,394.4742
2024-05-26 04:30:00,424.5,424.6,422.9,423.4,156.2828
2024-05-26 04:45:00,423.3,423.9,421.8,423.8,137.0469
2024-05-26 05:00:00,423.8,423.9,422.2,423.3,151.9252
2024-05-26 05:15:00,423.3,423.9,422.8,423.2,208.1636
2024-05-26 05:30:00,423.1,423.2,422.2,423.1,87.147
2024-05-26 05:45:00,423.1,424.5,423.1,424.2,57.2539
2024-05-26 06:00:00,424.3,426.5,424.2,425.9,122.9167
2024-05-26 06:15:00,426.0,426.0,424.2,424.5,79.2155
2024-05-26 06:30:00,424.5,424.5,423.4,423.7,68.14
2024-05-26 06:45:00,423.8,424.7,423.7,424.5,76.5923
2024-05-26 07:00:00,424.5,425.6,424.0,424.1,106.4349
2024-05-26 07:15:00,424.1,424.3,423.5,424.3,61.0108
2024-05-26 07:30:00,424.3,425.7,424.2,424.6,128.9766
2024-05-26 07:45:00,424.6,425.5,424.4,425.3,99.1235
2024-05-26 08:00:00,425.3,428.3,425.2,428.3,150.32
2024-05-26 08:15:00,428.1,429.5,427.5,428.0,130.25
2024-05-26 08:30:00,427.8,428.6,426.3,426.3,130.0308
2024-05-26 08:45:00,426.3,429.5,426.0,428.5,144.5461
2024-05-26 09:00:00,428.5,429.5,427.0,427.0,103.7027
2024-05-26 09:15:00,426.9,427.0,422.8,425.3,289.6445
2024-05-26 09:30:00,425.6,426.2,422.1,424.2,304.9991
2024-05-26 09:45:00,424.2,427.0,424.2,426.7,401.7185
2024-05-26 10:00:00,426.6,427.7,425.2,425.7,99.7579
2024-05-26 10:15:00,425.7,427.3,425.7,427.1,130.9268
2024-05-26 10:30:00,427.0,428.1,426.4,427.2,98.5953
2024-05-26 10:45:00,427.2,428.2,426.5,427.4,71.0733
2024-05-26 11:00:00,427.4,427.4,426.0,426.0,55.1079
2024-05-26 11:15:00,426.2,426.9,425.3,425.4,117.86
2024-05-26 11:30:00,425.4,425.5,423.2,423.2,109.6822
2024-05-26 11:45:00,423.3,424.2,422.7,423.3,122.4181
2024-05-26 12:00:00,423.6,424.5,422.9,422.9,108.1718
2024-05-26 12:15:00,422.8,424.5,422.8,423.9,56.8393
2024-05-26 12:30:00,423.9,426.7,423.7,426.5,318.1823
2024-05-26 12:45:00,426.4,428.0,425.6,428.0,122.132
2024-05-26 13:00:00,428.0,428.3,426.5,426.9,65.9237
2024-05-26 13:15:00,426.9,428.4,426.4,428.3,99.8105
2024-05-26 13:30:00,428.0,429.2,427.2,429.1,149.8396
2024-05-26 13:45:00,429.1,429.2,427.4,427.6,298.0756
2024-05-26 14:00:00,427.7,427.9,424.8,425.6,147.349
2024-05-26 14:15:00,425.4,426.7,425.1,426.4,155.3771
2024-05-26 14:30:00,426.5,428.9,425.1,425.3,419.1678
2024-05-26 14:45:00,425.3,425.7,423.5,423.5,133.6018
2024-05-26 15:00:00,423.5,424.8,422.6,424.5,389.1348
2024-05-26 15:15:00,424.7,427.4,424.2,426.1,233.2191
2024-05-26 15:30:00,426.1,427.4,424.4,424.9,215.547
2024-05-26 15:45:00,425.0,426.5,423.0,424.4,630.4589
2024-05-26 16:00:00,424.3,426.4,424.1,424.6,101.8489
2024-05-26 16:15:00,424.8,424.9,420.8,420.8,528.5524
2024-05-26 16:30:00,420.8,420.9,417.0,417.4,1032.5853
2024-05-26 16:45:00,417.5,420.1,416.5,420.1,1070.5374
2024-05-26 17:00:00,420.2,423.4,420.2,423.0,235.4901
2024-05-26 17:15:00,423.1,423.2,420.8,420.8,167.7308
2024-05-26 17:30:00,420.7,423.3,420.2,423.1,230.952
2024-05-26 17:45:00,423.1,425.0,422.9,423.7,111.6597
2024-05-26 18:00:00,424.0,426.0,423.3,425.8,254.6666
2024-05-26 18:15:00,425.8,426.3,424.7,425.9,228.1687
2024-05-26 18:30:00,425.9,430.0,424.5,428.7,1158.6195
2024-05-26 18:45:00,428.7,430.6,428.1,429.0,293.99
2024-05-26 19:00:00,428.8,429.4,426.6,426.7,155.2629
2024-05-26 19:15:00,426.4,427.5,424.7,427.5,147.0477
2024-05-26 19:30:00,427.6,429.7,426.7,429.7,250.2239
2024-05-26 19:45:00,429.7,430.8,428.3,430.1,381.2498
2024-05-26 20:00:00,430.5,438.6,430.0,436.2,5237.7273
2024-05-26 20:15:00,436.2,440.3,435.4,438.4,922.0252
2024-05-26 20:30:00,438.7,438.9,433.9,435.1,405.8777
2024-05-26 20:45:00,435.1,438.3,435.1,437.0,222.3362
2024-05-26 21:00:00,437.1,437.8,434.2,434.5,151.562
2024-05-26 21:15:00,434.4,435.9,434.2,434.7,141.8378
2024-05-26 21:30:00,434.6,438.3,434.1,437.8,301.0804
2024-05-26 21:45:00,437.6,441.0,437.5,440.5,792.8506
2024-05-26 22:00:00,440.5,443.0,437.9,441.5,604.8445
2024-05-26 22:15:00,441.3,441.7,437.6,439.9,358.8755
2024-05-26 22:30:00,439.4,442.3,438.9,440.0,550.6547
2024-05-26 22:45:00,440.0,440.6,434.5,436.4,942.4517
2024-05-26 23:00:00,436.4,441.1,436.4,441.1,350.3398
2024-05-26 23:15:00,440.6,440.6,437.3,440.3,178.372
2024-05-26 23:30:00,440.3,444.2,440.3,443.6,499.2916
2024-05-26 23:45:00,443.7,444.0,441.8,443.2,213.9015
2024-05-27 00:00:00,443.0,443.6,440.4,440.9,436.4891
2024-05-27 00:15:00,440.7,441.7,439.2,441.5,253.9619
2024-05-27 00:30:00,441.5,442.6,439.5,440.0,109.6257
2024-05-27 00:45:00,439.8,440.6,437.4,439.0,355.0479
2024-05-27 01:00:00,438.7,438.9,434.9,437.1,316.1961
2024-05-27 01:15:00,437.3,438.0,435.9,436.1,107.7209
2024-05-27 01:30:00,436.2,438.2,435.4,435.9,174.8922
2024-05-27 01:45:00,435.8,438.2,435.7,437.8,58.7449
2024-05-27 02:00:00,437.8,439.0,436.7,436.7,190.901
2024-05-27 02:15:00,436.9,438.3,436.8,436.8,58.5738
2024-05-27 02:30:00,436.9,438.1,436.3,437.6,113.7474
2024-05-27 02:45:00,437.8,438.1,436.6,437.3,72.7303
2024-05-27 03:00:00,437.3,437.3,435.5,435.7,198.9011
2024-05-27 03:15:00,435.6,435.6,430.9,432.0,661.2261
2024-05-27 03:30:00,431.9,433.0,429.7,430.1,248.5303
2024-05-27 03:45:00,430.0,431.3,429.7,430.2,272.5347
2024-05-27 04:00:00,430.2,430.5,427.2,427.7,337.0601
2024-05-27 04:15:00,427.5,428.4,427.1,427.6,393.2586
2024-05-27 04:30:00,427.5,429.1,425.0,428.9,138.4441
2024-05-27 04:45:00,429.0,431.3,429.0,430.5,218.9315
2024-05-27 05:00:00,430.5,432.0,430.0,431.8,133.7237
2024-05-27 05:15:00,431.8,433.8,431.7,433.2,305.9223
2024-05-27 05:30:00,433.2,433.5,432.0,432.4,118.5347
2024-05-27 05:45:00,432.3,432.9,431.7,432.1,107.0196
2024-05-27 06:00:00,432.0,432.4,428.6,428.9,125.7324
2024-05-27 06:15:00,428.9,429.8,428.0,428.3,107.6215
2024-05-27 06:30:00,428.3,433.9,426.9,433.7,375.6024
2024-05-27 06:45:00,433.6,436.5,433.4,435.9,196.7451
2024-05-27 07:00:00,436.0,439.7,435.2,439.6,187.6425
2024-05-27 07:15:00,439.7,443.0,439.3,440.0,683.6037
2024-05-27 07:30:00,440.0,443.5,440.0,442.7,333.8803
2024-05-27 07:45:00,442.9,443.9,440.9,441.7,344.7274
2024-05-27 08:00:00,441.8,443.8,439.0,442.7,287.7186
2024-05-27 08:15:00,442.8,443.8,441.9,443.6,243.4716
2024-05-27 08:30:00,443.7,447.2,443.5,446.2,614.6243
2024-05-27 08:45:00,446.4,449.6,446.4,448.8,605.5908
2024-05-27 09:00:00,448.8,450.4,445.4,445.6,365.5271
2024-05-27 09:15:00,445.8,447.1,442.5,444.0,475.3316
2024-05-27 09:30:00,443.7,443.7,440.0,442.0,330.2517
2024-05-27 09:45:00,441.9,441.9,439.2,439.9,176.8327
2024-05-27 10:00:00,440.0,442.3,439.0,440.7,135.8379
2024-05-27 10:15:00,440.8,443.2,440.8,441.0,239.2968
2024-05-27 10:30:00,440.9,443.7,440.5,443.5,282.8349
2024-05-27 10:45:00,443.3,445.7,441.2,441.5,221.2963
2024-05-27 11:00:00,441.7,443.8,441.3,441.9,144.0823
2024-05-27 11:15:00,441.8,442.7,441.5,441.9,187.8347
2024-05-27 11:30:00,442.0,442.1,437.5,437.6,269.8752
2024-05-27 11:45:00,438.1,438.3,436.5,437.1,165.6613
2024-05-27 12:00:00,437.1,437.7,435.5,437.0,166.5419
2024-05-27 12:15:00,436.9,437.4,434.4,434.6,106.5546
2024-05-27 12:30:00,434.6,439.5,434.5,439.4,149.2845
2024-05-27 12:45:00,439.4,440.5,438.4,438.4,162.7614
2024-05-27 13:00:00,438.5,438.5,434.5,435.3,283.4279
2024-05-27 13:15:00,435.3,436.0,434.7,435.0,97.1554
2024-05-27 13:30:00,435.1,435.1,432.8,433.1,113.3952
2024-05-27 13:45:00,433.4,433.6,431.3,432.0,244.233
2024-05-27 14:00:00,431.9,434.4,431.3,432.8,201.7354
2024-05-27 14:15:00,432.8,433.3,430.6,433.0,321.8518
2024-05-27 14:30:00,433.0,434.0,431.1,431.6,252.6953
2024-05-27 14:45:00,431.5,432.7,430.8,432.0,240.9923
2024-05-27 15:00:00,431.8,434.0,430.8,433.5,226.8704
2024-05-27 15:15:00,433.5,435.3,433.0,434.6,179.5071
2024-05-27 15:30:00,434.5,435.1,432.3,433.1,262.6027
2024-05-27 15:45:00,433.1,433.5,428.0,429.1,471.8352
2024-05-27 16:00:00,429.1,429.3,425.3,427.3,517.1223
2024-05-27 16:15:00,427.2,429.4,425.2,429.0,378.8567
2024-05-27 16:30:00,429.2,430.5,428.1,429.8,311.9907
2024-05-27 16:45:00,429.6,431.4,429.3,430.1,260.3774
2024-05-27 17:00:00,430.0,430.9,427.4,430.4,246.6491
2024-05-27 17:15:00,430.3,430.9,429.3,429.5,193.9413
2024-05-27 17:30:00,429.6,430.1,429.1,429.6,209.8433
2024-05-27 17:45:00,429.7,429.9,427.0,429.2,705.839
2024-05-27 18:00:00,429.2,432.6,428.3,432.3,427.6105
2024-05-27 18:15:00,432.2,432.2,428.6,429.8,217.7588
2024-05-27 18:30:00,429.8,433.5,429.8,431.7,316.7237
2024-05-27 18:45:00,431.5,433.1,431.1,431.9,211.451
2024-05-27 19:00:00,431.8,433.1,429.2,429.6,221.0835
2024-05-27 19:15:00,429.8,431.0,427.2,430.5,392.6188
2024-05-27 19:30:00,430.5,431.2,429.9,430.5,162.4264
2024-05-27 19:45:00,430.4,430.9,429.9,430.0,154.8176
2024-05-27 20:00:00,430.2,435.3,430.1,434.8,470.6992
2024-05-27 20:15:00,434.7,437.9,434.5,437.7,471.0416
2024-05-27 20:30:00,437.7,441.0,436.6,438.5,1032.5321
2024-05-27 20:45:00,438.5,442.4,438.2,439.1,605.3353
2024-05-27 21:00:00,439.3,439.8,436.2,438.1,466.1964
2024-05-27 21:15:00,438.0,438.4,433.0,433.3,887.1982
2024-05-27 21:30:00,433.5,435.9,432.0,432.3,904.7892
2024-05-27 21:45:00,432.5,434.8,430.0,434.4,399.0307
2024-05-27 22:00:00,434.4,437.1,433.7,436.7,450.9916
2024-05-27 22:15:00,437.1,437.9,434.8,434.8,284.8323
2024-05-27 22:30:00,434.8,442.4,434.8,441.6,876.0847
2024-05-27 22:45:00,441.7,442.8,439.8,441.2,514.8115
2024-05-27 23:00:00,441.3,445.0,438.4,441.8,1162.222
2024-05-27 23:15:00,442.0,444.6,441.0,441.1,557.9943
2024-05-27 23:30:00,441.1,443.4,440.5,442.8,572.4481
2024-05-27 23:45:00,442.2,443.8,440.5,442.2,568.4021
2024-05-28 00:00:00,442.2,444.1,441.3,441.8,444.0918
2024-05-28 00:15:00,441.8,442.3,438.5,439.7,442.2834
2024-05-28 00:30:00,439.8,440.4,438.9,439.5,327.8692
2024-05-28 00:45:00,439.5,440.1,437.3,438.8,549.0186
2024-05-28 01:00:00,438.8,440.2,438.1,440.1,234.4713
2024-05-28 01:15:00,440.2,441.2,439.1,440.9,157.9249
2024-05-28 01:30:00,440.8,440.8,438.9,439.1,210.8519
2024-05-28 01:45:00,439.0,439.0,436.3,436.6,259.8537
2024-05-28 02:00:00,436.6,437.9,436.1,436.5,414.0576
2024-05-28 02:15:00,436.4,439.6,435.4,438.8,292.0213
2024-05-28 02:30:00,438.9,440.2,438.6,439.2,184.2088
2024-05-28 02:45:00,439.3,439.4,430.6,433.7,983.2905
2024-05-28 03:00:00,433.6,437.4,432.8,436.0,457.9047
2024-05-28 03:15:00,435.8,439.0,435.8,437.8,300.8929
2024-05-28 03:30:00,437.9,438.1,436.1,436.2,122.093
2024-05-28 03:45:00,436.1,438.9,435.8,438.8,246.204
2024-05-28 04:00:00,438.9,440.0,437.5,437.6,242.1026
2024-05-28 04:15:00,437.7,438.5,436.4,438.0,147.2195
2024-05-28 04:30:00,438.1,439.4,437.4,438.5,102.3261
2024-05-28 04:45:00,438.4,438.5,436.8,436.8,82.9474
2024-05-28 05:00:00,436.8,436.8,433.9,434.1,252.9065
2024-05-28 05:15:00,433.9,435.3,433.2,435.3,339.7525
2024-05-28 05:30:00,435.3,436.3,434.3,435.3,218.3389
2024-05-28 05:45:00,435.4,435.8,435.2,435.6,93.8148
2024-05-28 06:00:00,435.3,438.3,434.5,437.5,182.5885
2024-05-28 06:15:00,437.4,437.5,435.0,435.4,88.9406
2024-05-28 06:30:00,435.3,435.8,434.7,435.6,85.9094
2024-05-28 06:45:00,435.7,438.4,435.7,438.0,246.558
2024-05-28 07:00:00,438.0,438.0,435.6,435.8,200.5702
2024-05-28 07:15:00,435.8,436.1,430.8,431.5,222.9094
2024-05-28 07:30:00,431.5,432.6,428.5,429.3,681.5042
2024-05-28 07:45:00,429.5,431.3,429.0,430.9,322.0234
2024-05-28 08:00:00,430.9,432.9,430.4,432.3,234.1128
2024-05-28 08:15:00,432.2,433.3,430.6,430.8,149.4691
2024-05-28 08:30:00,430.8,440.0,430.8,432.8,604.429
2024-05-28 08:45:00,432.8,432.8,425.4,425.6,772.1293
2024-05-28 09:00:00,425.5,427.5,422.3,425.0,1178.5661
2024-05-28 09:15:00,425.0,429.9,423.5,428.8,266.8459
2024-05-28 09:30:00,428.8,430.7,428.5,428.5,156.0783
2024-05-28 09:45:00,428.3,432.4,428.1,430.6,281.5674
2024-05-28 10:00:00,430.6,432.2,427.2,430.8,222.6288
2024-05-28 10:15:00,430.8,432.5,429.2,429.6,240.1487
2024-05-28 10:30:00,430.1,430.4,424.9,425.6,374.0131
2024-05-28 10:45:00,425.4,428.4,424.4,428.1,170.7158
2024-05-28 11:00:00,428.2,428.3,425.2,425.2,91.5875
2024-05-28 11:15:00,425.0,426.2,421.7,422.3,267.6318
2024-05-28 11:30:00,422.2,424.2,419.9,421.4,674.2214
2024-05-28 11:45:00,421.4,423.9,420.4,422.8,365.2337
2024-05-28 12:00:00,423.1,426.3,420.0,426.3,893.5303
2024-05-28 12:15:00,426.0,426.2,423.8,425.3,170.7985
2024-05-28 12:30:00,425.3,427.0,424.6,426.8,109.3534
2024-05-28 12:45:00,426.6,428.9,425.8,428.9,116.392
2024-05-28 13:00:00,428.6,430.2,428.1,428.8,190.8681
2024-05-28 13:15:00,428.7,430.0,426.8,427.6,230.5302
2024-05-28 13:30:00,427.9,430.1,427.1,429.7,240.3036
2024-05-28 13:45:00,429.5,430.4,428.3,428.9,109.2449
2024-05-28 14:00:00,428.9,429.7,426.7,427.1,253.1398
2024-05-28 14:15:00,427.2,427.5,424.0,424.7,227.4465
2024-05-28 14:30:00,424.9,428.0,424.9,427.5,338.1469
2024-05-28 14:45:00,427.5,428.5,425.8,426.5,135.0694
2024-05-28 15:00:00,426.2,429.3,425.4,428.8,131.5633
2024-05-28 15:15:00,429.0,429.3,426.2,426.4,254.8034
2024-05-28 15:30:00,426.5,430.0,426.5,429.8,143.8404
2024-05-28 15:45:00,429.8,431.1,429.5,430.2,263.7657
2024-05-28 16:00:00,430.1,432.8,428.9,432.7,319.548
2024-05-28 16:15:00,432.7,435.3,432.1,434.9,510.571
2024-05-28 16:30:00,434.8,439.2,434.3,435.8,592.9592
2024-05-28 16:45:00,435.8,436.5,426.2,433.5,1155.9227
2024-05-28 17:00:00,433.6,435.4,432.0,434.9,381.6236
2024-05-28 17:15:00,434.7,435.5,431.0,431.0,598.8112
2024-05-28 17:30:00,430.9,431.2,429.1,429.5,295.5651
2024-05-28 17:45:00,429.5,430.4,428.5,429.2,304.9142
2024-05-28 18:00:00,429.3,430.0,427.3,430.0,156.4074
2024-05-28 18:15:00,430.0,430.4,428.5,428.5,332.4622
2024-05-28 18:30:00,428.6,428.9,427.0,427.0,423.3283
2024-05-28 18:45:00,427.0,427.1,424.5,425.0,577.9728
2024-05-28 19:00:00,424.8,425.9,424.5,425.1,221.9609
2024-05-28 19:15:00,425.2,426.8,425.2,426.7,158.0978
2024-05-28 19:30:00,426.6,428.5,423.8,424.4,232.0383
2024-05-28 19:45:00,424.3,425.6,422.8,423.1,362.6429
2024-05-28 20:00:00,423.0,424.3,422.0,422.8,207.7026
2024-05-28 20:15:00,422.8,427.0,421.6,426.8,284.2497
2024-05-28 20:30:00,426.9,427.8,422.7,425.6,557.5346
2024-05-28 20:45:00,425.6,425.8,421.2,424.5,1044.2094
2024-05-28 21:00:00,424.5,424.5,422.2,422.7,709.202
2024-05-28 21:15:00,423.0,425.3,422.9,424.3,333.2118
2024-05-28 21:30:00,424.3,426.0,422.7,423.3,666.7446
2024-05-28 21:45:00,423.3,423.5,420.9,422.6,697.2474
2024-05-28 22:00:00,422.7,424.5,421.5,424.1,1336.8014
2024-05-28 22:15:00,424.1,424.7,422.5,422.7,523.963
2024-05-28 22:30:00,422.6,423.0,417.2,420.5,1263.5458
2024-05-28 22:45:00,420.3,424.4,420.0,422.9,371.9753
2024-05-28 23:00:00,423.0,424.1,421.0,421.6,184.4353
2024-05-28 23:15:00,421.6,421.8,418.9,419.3,394.6184
2024-05-28 23:30:00,419.2,419.4,417.4,417.5,375.3957
2024-05-28 23:45:00,417.7,419.2,417.1,417.5,334.8298
2024-05-29 00:00:00,417.5,421.7,416.8,421.7,260.7759
2024-05-29 00:15:00,421.7,421.7,420.0,421.4,248.6167
2024-05-29 00:30:00,421.3,422.3,420.8,422.0,192.4439
2024-05-29 00:45:00,421.7,421.7,418.6,418.7,250.3817
2024-05-29 01:00:00,418.8,421.2,418.8,421.2,121.4424
2024-05-29 01:15:00,421.1,421.1,418.7,419.8,112.2959
2024-05-29 01:30:00,419.7,419.7,413.1,414.2,675.5332
2024-05-29 01:45:00,414.2,416.3,412.7,415.7,348.9644
2024-05-29 02:00:00,415.7,418.2,415.7,417.5,204.8735
2024-05-29 02:15:00,417.3,419.6,417.0,417.0,151.5606
2024-05-29 02:30:00,416.9,417.8,415.0,417.8,260.5577
2024-05-29 02:45:00,417.7,420.1,417.5,419.5,197.6456
2024-05-29 03:00:00,419.4,421.2,418.8,421.1,167.6059
2024-05-29 03:15:00,421.1,422.1,418.5,418.5,171.2497
2024-05-29 03:30:00,418.5,419.5,418.5,419.0,187.2884
2024-05-29 03:45:00,418.9,418.9,416.8,417.2,169.2042
2024-05-29 04:00:00,417.1,417.2,415.5,416.5,321.5502
2024-05-29 04:15:00,416.4,418.2,415.5,415.8,238.9589
2024-05-29 04:30:00,415.8,416.1,413.9,414.9,366.3049
2024-05-29 04:45:00,414.9,416.0,414.6,415.1,94.9385
2024-05-29 05:00:00,415.1,417.7,414.6,417.5,236.8005
2024-05-29 05:15:00,417.4,419.0,416.7,418.1,325.2409
2024-05-29 05:30:00,418.0,418.1,416.4,417.5,140.1592
2024-05-29 05:45:00,417.1,417.7,416.7,417.4,167.4416
2024-05-29 06:00:00,417.5,417.7,416.3,417.3,149.4329
2024-05-29 06:15:00,417.3,419.1,417.1,418.6,108.4933
2024-05-29 06:30:00,418.5,418.6,417.1,417.9,318.9513
2024-05-29 06:45:00,417.8,419.6,417.7,418.8,101.1388
2024-05-29 07:00:00,418.9,420.8,418.9,420.4,136.4353
2024-05-29 07:15:00,420.5,421.9,419.5,419.8,124.024
2024-05-29 07:30:00,420.0,421.6,418.8,421.4,78.0308
2024-05-29 07:45:00,421.2,421.4,418.6,419.3,69.3835
2024-05-29 08:00:00,419.4,420.9,419.0,419.1,220.7953
2024-05-29 08:15:00,419.0,419.3,417.6,418.6,52.8793
2024-05-29 08:30:00,418.6,421.2,417.9,421.0,127.6725
2024-05-29 08:45:00,421.0,422.8,420.2,420.6,147.7838
2024-05-29 09:00:00,420.6,422.1,419.0,419.0,304.0924
2024-05-29 09:15:00,419.1,422.6,418.4,422.5,190.2246
2024-05-29 09:30:00,422.6,422.9,419.6,420.0,135.6723
2024-05-29 09:45:00,420.0,422.3,420.0,421.0,147.1005
2024-05-29 10:00:00,421.0,422.1,420.4,422.1,75.5802
2024-05-29 10:15:00,422.2,422.7,420.4,421.2,138.6839
2024-05-29 10:30:00,420.9,422.7,420.9,421.4,211.9835
2024-05-29 10:45:00,421.4,421.4,418.6,420.3,640.241
2024-05-29 11:00:00,420.2,423.3,419.6,422.9,658.2969
2024-05-29 11:15:00,423.0,427.4,423.0,426.3,981.4023
2024-05-29 11:30:00,426.2,426.2,423.5,424.4,118.7129
2024-05-29 11:45:00,424.5,424.9,417.4,420.3,2354.3916
2024-05-29 12:00:00,420.2,420.8,418.7,418.8,206.6049
2024-05-29 12:15:00,418.8,420.4,418.8,419.9,94.0286
2024-05-29 12:30:00,420.1,421.5,419.7,420.9,200.1437
2024-05-29 12:45:00,420.9,421.1,419.7,420.3,309.5386
2024-05-29 13:00:00,420.3,423.7,420.3,423.4,186.016
2024-05-29 13:15:00,423.2,425.0,423.1,424.3,330.5609
2024-05-29 13:30:00,424.2,424.5,422.4,422.5,207.7718
2024-05-29 13:45:00,422.6,423.4,420.5,420.7,161.2428
2024-05-29 14:00:00,420.9,421.3,418.5,418.6,186.4063
2024-05-29 14:15:00,418.5,420.4,417.2,417.6,226.7356
2024-05-29 14:30:00,417.5,418.9,416.7,417.3,304.8862
2024-05-29 14:45:00,417.3,418.5,408.9,409.5,3102.7085
2024-05-29 15:00:00,409.6,410.0,399.6,406.4,4100.0264
2024-05-29 15:15:00,406.4,410.2,402.2,409.8,933.5798
2024-05-29 15:30:00,409.7,410.6,406.3,407.7,600.5987
2024-05-29 15:45:00,407.8,409.4,407.2,408.8,588.433
2024-05-29 16:00:00,408.6,412.6,406.9,406.9,763.2701
2024-05-29 16:15:00,406.8,408.1,404.0,405.8,383.2616
2024-05-29 16:30:00,405.8,409.8,404.4,409.4,410.9663
2024-05-29 16:45:00,409.5,412.3,409.1,409.2,451.1143
2024-05-29 17:00:00,409.2,413.0,408.5,412.9,615.6833
2024-05-29 17:15:00,412.9,414.3,410.6,412.6,387.7014
2024-05-29 17:30:00,412.5,412.5,410.3,411.1,247.0451
2024-05-29 17:45:00,411.1,413.4,410.9,412.5,214.4794
2024-05-29 18:00:00,412.3,412.4,410.8,411.7,171.1849
2024-05-29 18:15:00,411.6,412.4,410.7,411.4,213.9104
2024-05-29 18:30:00,411.1,411.1,406.9,408.4,429.569
2024-05-29 18:45:00,408.5,409.7,406.0,406.4,274.66
2024-05-29 19:00:00,406.2,407.5,405.9,407.2,310.2485
2024-05-29 19:15:00,407.1,407.6,404.3,405.6,828.796
2024-05-29 19:30:00,405.4,406.2,401.1,404.8,975.871
2024-05-29 19:45:00,404.9,410.7,404.5,407.7,1120.4184
2024-05-29 20:00:00,407.7,411.5,407.6,411.3,491.0116
2024-05-29 20:15:00,411.0,411.8,408.7,409.4,383.5139
2024-05-29 20:30:00,409.2,410.6,406.3,409.6,622.1159
2024-05-29 20:45:00,409.3,409.7,405.9,408.8,957.7525
2024-05-29 21:00:00,408.7,410.4,407.9,408.4,427.3652
2024-05-29 21:15:00,408.2,409.8,404.0,404.7,424.335
2024-05-29 21:30:00,404.9,407.2,404.0,406.2,371.1149
2024-05-29 21:45:00,406.2,408.2,405.0,405.7,452.2717
2024-05-29 22:00:00,405.5,406.5,403.9,404.7,478.588
2024-05-29 22:15:00,404.7,405.7,400.2,404.1,1015.8456
2024-05-29 22:30:00,404.1,404.2,400.9,402.0,558.4697
2024-05-29 22:45:00,401.9,402.5,399.6,400.3,1077.9317
2024-05-29 23:00:00,400.3,400.5,392.9,394.2,1806.1342
2024-05-29 23:15:00,394.0,398.6,393.8,394.9,857.5978
2024-05-29 23:30:00,395.0,399.1,395.0,398.5,601.2571
2024-05-29 23:45:00,398.6,400.0,397.4,398.1,386.3266
2024-05-30 00:00:00,398.1,400.8,396.9,400.4,316.0897
2024-05-30 00:15:00,400.2,400.5,396.7,399.4,396.0103
2024-05-30 00:30:00,399.6,399.6,397.6,397.8,187.4577
2024-05-30 00:45:00,397.7,399.1,395.1,398.3,457.347
2024-05-30 01:00:00,398.3,399.0,397.0,398.0,231.0239
2024-05-30 01:15:00,397.8,400.6,397.5,398.3,265.2231
2024-05-30 01:30:00,398.4,400.9,397.3,400.2,288.563
2024-05-30 01:45:00,400.2,400.8,398.6,399.3,553.6525
2024-05-30 02:00:00,399.1,400.8,398.3,400.8,428.1457
2024-05-30 02:15:00,400.8,401.6,399.6,401.2,162.9985
2024-05-30 02:30:00,401.2,401.4,396.8,397.3,320.6437
2024-05-30 02:45:00,397.2,397.8,395.2,396.5,280.5225
2024-05-30 03:00:00,396.4,397.0,395.0,396.8,199.4305
2024-05-30 03:15:00,396.8,397.4,396.1,397.3,120.9816
2024-05-30 03:30:00,397.5,397.9,396.6,397.4,117.5335
2024-05-30 03:45:00,397.3,398.6,396.7,397.9,281.4712
2024-05-30 04:00:00,397.9,398.0,394.9,396.1,258.68
2024-05-30 04:15:00,396.0,396.8,394.4,395.2,360.7336
2024-05-30 04:30:00,395.1,396.6,394.2,396.1,246.8486
2024-05-30 04:45:00,396.1,398.2,396.0,397.0,295.9531
2024-05-30 05:00:00,396.9,397.0,394.3,394.5,316.3557
2024-05-30 05:15:00,394.5,397.4,394.3,396.9,236.1124
2024-05-30 05:30:00,396.7,397.4,395.2,396.2,255.9618
2024-05-30 05:45:00,396.2,396.8,395.9,396.2,201.5972
2024-05-30 06:00:00,396.1,396.5,394.3,394.9,244.3295
2024-05-30 06:15:00,394.8,396.3,394.7,396.2,85.8437
2024-05-30 06:30:00,396.3,396.3,394.6,395.2,173.81
2024-05-30 06:45:00,395.3,395.4,394.2,395.3,163.4939
2024-05-30 07:00:00,395.0,398.5,394.6,398.5,215.7422
2024-05-30 07:15:00,398.6,399.9,398.4,399.6,349.4086
2024-05-30 07:30:00,399.6,400.4,399.0,400.4,360.4386
2024-05-30 07:45:00,400.2,400.5,397.3,397.7,191.7435
2024-05-30 08:00:00,397.8,400.7,396.6,400.2,186.858
2024-05-30 08:15:00,400.2,400.8,398.6,399.4,192.7503
2024-05-30 08:30:00,399.4,401.8,399.2,401.6,237.2794
2024-05-30 08:45:00,401.5,403.1,401.0,402.2,308.4785
2024-05-30 09:00:00,402.2,404.5,401.8,403.7,191.934
2024-05-30 09:15:00,403.6,405.9,403.6,405.7,309.9014
2024-05-30 09:30:00,405.7,405.9,403.8,405.6,169.1282
2024-05-30 09:45:00,405.1,405.4,403.9,404.4,168.657
2024-05-30 10:00:00,404.0,405.2,402.2,402.5,195.6614
2024-05-30 10:15:00,402.5,403.4,402.1,402.8,194.9543
2024-05-30 10:30:00,402.6,403.7,402.3,402.3,129.0182
2024-05-30 10:45:00,402.2,403.3,401.4,403.0,138.8894
2024-05-30 11:00:00,403.1,403.7,400.7,401.5,158.1106
2024-05-30 11:15:00,401.5,404.4,401.5,404.4,79.2008
2024-05-30 11:30:00,404.4,407.7,404.1,407.3,631.3877
2024-05-30 11:45:00,407.4,407.5,404.1,405.4,423.2358
2024-05-30 12:00:00,405.5,406.1,403.2,403.8,473.6473
2024-05-30 12:15:00,403.8,407.5,403.1,406.1,259.4955
2024-05-30 12:30:00,406.0,407.0,404.7,405.1,155.8715
2024-05-30 12:45:00,405.1,405.9,404.1,404.5,90.905
2024-05-30 13:00:00,404.5,404.6,399.6,399.7,310.0493
2024-05-30 13:15:00,399.8,401.9,397.6,400.3,412.365
2024-05-30 13:30:00,400.2,400.6,396.0,398.7,563.4226
2024-05-30 13:45:00,399.0,400.3,396.0,396.4,485.1873
2024-05-30 14:00:00,396.4,397.4,394.5,396.9,519.3034
2024-05-30 14:15:00,396.8,398.7,390.7,393.1,893.3532
2024-05-30 14:30:00,393.4,396.7,393.4,396.4,255.0971
2024-05-30 14:45:00,396.4,396.9,387.1,389.3,953.0191
2024-05-30 15:00:00,389.1,390.7,385.7,386.3,1215.7009
2024-05-30 15:15:00,386.4,391.1,386.4,390.7,820.2379
2024-05-30 15:30:00,390.9,393.7,390.7,392.0,436.4357
2024-05-30 15:45:00,391.9,394.5,391.2,393.5,366.2861
2024-05-30 16:00:00,393.4,393.7,390.8,391.1,387.0341
2024-05-30 16:15:00,391.1,391.1,384.7,385.5,1423.8796
2024-05-30 16:30:00,385.5,387.0,382.9,384.4,1262.0657
2024-05-30 16:45:00,384.4,388.7,384.2,387.9,469.6181
2024-05-30 17:00:00,387.8,388.0,386.3,387.0,227.9482
2024-05-30 17:15:00,386.8,390.3,386.0,389.5,349.8134
2024-05-30 17:30:00,389.4,391.4,388.9,390.7,260.7016
2024-05-30 17:45:00,390.8,393.4,390.8,392.5,639.9656
2024-05-30 18:00:00,392.5,394.6,392.4,394.5,330.7924
2024-05-30 18:15:00,394.5,395.9,392.7,395.8,309.7091
2024-05-30 18:30:00,395.7,397.6,394.4,397.5,373.0024
2024-05-30 18:45:00,397.2,397.4,394.0,394.7,213.427
2024-05-30 19:00:00,394.7,397.7,394.6,396.8,261.8519
2024-05-30 19:15:00,396.7,399.2,395.4,398.9,188.7629
2024-05-30 19:30:00,399.0,402.4,398.4,401.8,789.333
2024-05-30 19:45:00,401.9,402.8,399.3,400.2,392.9107
2024-05-30 20:00:00,400.3,401.7,398.4,401.6,337.4907
2024-05-30 20:15:00,401.6,404.6,401.5,403.2,454.8724
2024-05-30 20:30:00,403.2,403.3,398.8,400.7,240.982
2024-05-30 20:45:00,400.7,405.6,400.7,405.4,479.5096
2024-05-30 21:00:00,405.4,410.9,405.2,409.8,1173.7399
2024-05-30 21:15:00,409.8,413.1,406.6,408.0,675.4272
2024-05-30 21:30:00,407.8,411.1,406.8,407.4,641.9938
2024-05-30 21:45:00,407.3,408.7,404.4,405.1,590.8778
2024-05-30 22:00:00,405.4,407.1,403.7,405.8,257.0141
2024-05-30 22:15:00,405.8,409.4,405.8,407.4,359.8275
2024-05-30 22:30:00,407.5,408.9,406.0,406.7,293.1458
2024-05-30 22:45:00,406.7,411.5,406.3,409.1,289.6551
2024-05-30 23:00:00,409.1,409.8,402.9,403.8,777.1203
2024-05-30 23:15:00,403.8,404.5,402.9,403.2,239.453
2024-05-30 23:30:00,403.4,404.7,401.8,402.0,269.4413
2024-05-30 23:45:00,401.9,403.1,400.9,401.9,393.9864
2024-05-31 00:00:00,401.9,401.9,399.5,401.1,493.3046
2024-05-31 00:15:00,401.3,403.7,399.9,403.7,294.6031
2024-05-31 00:30:00,403.6,409.1,403.6,405.0,854.8315
2024-05-31 00:45:00,405.1,405.9,403.1,405.4,223.4173
2024-05-31 01:00:00,405.4,406.8,402.8,403.3,178.7085
2024-05-31 01:15:00,403.1,405.6,402.3,404.3,162.2772
2024-05-31 01:30:00,404.2,404.3,401.6,403.8,164.1038
2024-05-31 01:45:00,403.6,403.9,402.4,403.3,74.0195
2024-05-31 02:00:00,403.4,403.9,401.3,401.9,211.1209
2024-05-31 02:15:00,402.0,402.4,399.6,400.2,257.5651
2024-05-31 02:30:00,400.2,401.8,397.5,397.8,564.7748
2024-05-31 02:45:00,397.9,399.1,396.2,397.3,444.7131
2024-05-31 03:00:00,397.2,397.2,390.8,392.6,642.7406
2024-05-31 03:15:00,392.7,396.3,391.4,394.1,727.9946
2024-05-31 03:30:00,394.1,395.0,391.8,392.7,674.822
2024-05-31 03:45:00,392.6,393.8,389.6,391.8,1229.6785
2024-05-31 04:00:00,391.8,393.0,389.8,390.0,355.1015
2024-05-31 04:15:00,389.9,391.5,388.9,391.4,286.0351
2024-05-31 04:30:00,391.3,392.6,390.3,391.5,308.5097
2024-05-31 04:45:00,391.5,392.0,390.3,392.0,209.0624
2024-05-31 05:00:00,392.0,392.0,386.9,390.5,878.13
2024-05-31 05:15:00,390.5,391.5,390.2,391.0,179.8892
2024-05-31 05:30:00,390.9,391.1,389.5,389.7,273.8038
2024-05-31 05:45:00,389.7,389.9,388.2,388.8,329.2202
2024-05-31 06:00:00,388.8,389.3,388.3,388.7,172.9573
2024-05-31 06:15:00,388.8,390.3,387.9,389.8,224.7812
2024-05-31 06:30:00,389.9,390.1,388.8,389.0,253.2663
2024-05-31 06:45:00,389.1,390.4,389.1,390.3,149.2802
2024-05-31 07:00:00,390.4,391.4,388.6,391.3,455.5082
2024-05-31 07:15:00,391.4,391.7,387.4,387.5,195.1624
2024-05-31 07:30:00,387.6,388.1,385.9,387.7,333.1411
2024-05-31 07:45:00,387.7,388.8,387.4,388.8,247.2387
2024-05-31 08:00:00,388.8,391.1,388.2,390.7,269.9971
2024-05-31 08:15:00,390.8,391.2,387.4,388.7,271.5491
2024-05-31 08:30:00,388.6,390.5,388.5,389.3,281.732
2024-05-31 08:45:00,389.4,390.5,386.8,388.3,262.1706
2024-05-31 09:00:00,388.2,389.6,387.8,388.5,240.9922
2024-05-31 09:15:00,388.5,390.2,388.5,389.1,245.2513
2024-05-31 09:30:00,388.9,388.9,387.0,387.3,725.8884
2024-05-31 09:45:00,387.3,387.7,387.0,387.7,114.4474
2024-05-31 10:00:00,387.7,388.3,387.5,388.3,46.4952
2024-05-31 10:15:00,388.3,390.3,387.9,390.3,138.3028
2024-05-31 10:30:00,390.2,391.1,389.7,390.4,163.6546
2024-05-31 10:45:00,390.3,391.1,389.1,389.7,129.9296
2024-05-31 11:00:00,389.7,391.0,389.7,390.6,93.2957
2024-05-31 11:15:00,390.8,391.7,389.6,389.6,138.5339
2024-05-31 11:30:00,389.7,390.1,388.7,389.4,135.355
2024-05-31 11:45:00,389.3,390.3,389.3,390.3,132.8776
2024-05-31 12:00:00,390.2,390.7,388.8,389.1,152.5868
2024-05-31 12:15:00,389.0,389.7,384.0,386.2,662.6026
2024-05-31 12:30:00,386.2,387.6,385.3,387.1,211.7708
2024-05-31 12:45:00,387.1,388.5,387.1,387.7,185.3766
2024-05-31 13:00:00,387.7,390.3,387.2,388.9,189.5685
2024-05-31 13:15:00,389.1,390.9,389.1,390.4,163.988
2024-05-31 13:30:00,390.4,390.6,388.0,389.1,166.6251
2024-05-31 13:45:00,389.3,390.0,386.9,389.2,177.3364
2024-05-31 14:00:00,389.2,391.5,388.8,391.0,438.5048
2024-05-31 14:15:00,391.0,393.0,390.4,392.0,229.4119
2024-05-31 14:30:00,392.0,392.2,387.2,387.8,1064.8217
2024-05-31 14:45:00,387.9,389.0,387.0,388.9,207.684
2024-05-31 15:00:00,389.0,390.0,388.1,389.7,131.6458
2024-05-31 15:15:00,389.6,390.7,389.0,389.2,178.4543
2024-05-31 15:30:00,389.1,389.9,387.3,388.3,370.9707
2024-05-31 15:45:00,388.5,388.6,386.3,388.3,908.6836
2024-05-31 16:00:00,388.2,389.5,387.9,389.4,386.0745
2024-05-31 16:15:00,389.3,389.3,385.3,386.5,945.2904
2024-05-31 16:30:00,386.5,388.9,385.9,388.7,512.1397
2024-05-31 16:45:00,388.8,388.9,385.7,387.4,436.0281
2024-05-31 17:00:00,387.4,389.2,385.1,389.1,1061.951
2024-05-31 17:15:00,389.2,389.2,387.6,388.9,629.7727
2024-05-31 17:30:00,388.9,392.4,387.6,392.1,508.091
2024-05-31 17:45:00,392.0,393.0,390.6,392.8,780.4465
2024-05-31 18:00:00,392.7,396.6,392.0,394.8,733.6254
2024-05-31 18:15:00,394.4,395.8,393.9,394.9,260.5011
2024-05-31 18:30:00,394.7,397.7,394.5,397.0,242.9961
2024-05-31 18:45:00,397.0,397.7,394.5,394.5,372.3226
2024-05-31 19:00:00,394.4,395.2,392.3,392.8,201.2443
2024-05-31 19:15:00,393.0,393.8,390.6,392.3,666.078
2024-05-31 19:30:00,392.1,395.6,391.6,393.8,722.4176
2024-05-31 19:45:00,393.9,394.9,392.2,393.3,375.4586
2024-05-31 20:00:00,393.4,394.9,392.2,393.2,375.2173
2024-05-31 20:15:00,393.3,393.5,390.7,392.7,345.3048
2024-05-31 20:30:00,392.6,393.5,388.5,390.5,436.1679
2024-05-31 20:45:00,390.6,391.1,387.7,388.3,254.9272
2024-05-31 21:00:00,388.3,388.4,384.6,386.8,737.7926
2024-05-31 21:15:00,386.7,388.1,386.0,386.6,446.3731
2024-05-31 21:30:00,386.5,387.4,385.0,385.1,702.637
2024-05-31 21:45:00,385.1,390.6,385.0,389.4,553.6223
2024-05-31 22:00:00,389.4,391.5,389.1,390.7,319.6908
2024-05-31 22:15:00,390.8,393.2,390.2,391.9,347.2662
2024-05-31 22:30:00,391.8,391.8,388.3,389.8,272.3391
2024-05-31 22:45:00,389.8,389.8,385.3,385.9,307.1914
2024-05-31 23:00:00,385.6,387.0,378.0,379.4,1839.9502
2024-05-31 23:15:00,379.5,387.8,379.4,386.8,1316.1925
2024-05-31 23:30:00,386.6,388.5,384.8,385.2,1415.5713
2024-05-31 23:45:00,385.3,387.8,384.8,387.3,638.0313
2024-06-01 00:00:00,387.3,389.3,386.0,387.0,422.3997
2024-06-01 00:15:00,387.0,389.2,386.7,388.9,477.9396
2024-06-01 00:30:00,389.0,389.3,387.2,388.8,186.9732
2024-06-01 00:45:00,388.6,389.6,388.5,389.0,186.8332
2024-06-01 01:00:00,389.0,393.0,389.0,391.5,464.2076
2024-06-01 01:15:00,391.4,392.3,390.2,391.4,408.7951
2024-06-01 01:30:00,391.3,393.7,391.3,393.3,666.3039
2024-06-01 01:45:00,393.3,393.6,391.4,393.2,242.556
2024-06-01 02:00:00,393.2,393.4,392.5,393.1,139.6963
2024-06-01 02:15:00,393.1,393.1,390.8,392.4,139.5243
2024-06-01 02:30:00,392.3,393.6,392.0,392.6,227.3642
2024-06-01 02:45:00,392.6,393.7,392.1,392.7,129.2071
2024-06-01 03:00:00,392.6,393.0,390.4,391.1,114.8623
2024-06-01 03:15:00,391.0,392.2,390.9,391.6,111.4167
2024-06-01 03:30:00,391.8,395.0,391.1,394.5,285.3083
2024-06-01 03:45:00,394.3,394.8,392.4,392.5,198.0967
2024-06-01 04:00:00,392.6,392.9,391.6,391.6,168.2245
2024-06-01 04:15:00,391.7,391.7,387.2,389.6,1361.4279
2024-06-01 04:30:00,389.6,390.5,388.7,388.8,230.4719
2024-06-01 04:45:00,389.1,390.1,389.0,389.0,78.2745
2024-06-01 05:00:00,389.1,391.0,389.1,390.9,133.1735
2024-06-01 05:15:00,390.9,391.5,389.5,390.2,256.697
2024-06-01 05:30:00,390.2,390.2,389.3,389.8,100.9865
2024-06-01 05:45:00,389.7,390.7,389.7,390.2,83.9234
2024-06-01 06:00:00,390.1,391.0,389.2,389.7,85.4455
2024-06-01 06:15:00,389.6,390.4,388.0,388.1,85.3174
2024-06-01 06:30:00,388.1,390.2,388.1,389.8,151.5188
2024-06-01 06:45:00,389.7,390.3,389.0,389.1,69.4663
2024-06-01 07:00:00,389.0,390.5,388.7,389.4,127.3484
2024-06-01 07:15:00,389.2,389.2,387.1,387.7,109.4239
2024-06-01 07:30:00,388.0,388.5,387.5,388.2,113.575
2024-06-01 07:45:00,388.3,389.6,388.1,389.2,58.3958
2024-06-01 08:00:00,389.1,389.6,387.5,388.0,90.7799
2024-06-01 08:15:00,388.0,388.1,387.0,387.6,108.1273
2024-06-01 08:30:00,387.8,388.2,387.0,387.4,160.1873
2024-06-01 08:45:00,387.5,389.1,386.8,388.9,273.1154
2024-06-01 09:00:00,389.0,390.6,388.3,388.3,336.1881
2024-06-01 09:15:00,388.3,388.5,387.5,388.0,102.6206
2024-06-01 09:30:00,388.1,389.3,388.0,389.3,50.3678
2024-06-01 09:45:00,389.5,389.8,388.9,389.6,51.0399
2024-06-01 10:00:00,389.5,390.9,388.1,388.5,199.3607
2024-06-01 10:15:00,388.5,389.4,387.6,389.2,111.4411
2024-06-01 10:30:00,389.1,390.2,389.0,390.0,95.7086
2024-06-01 10:45:00,389.9,390.0,389.2,389.7,50.0813
2024-06-01 11:00:00,389.8,390.2,389.2,390.2,78.8604
2024-06-01 11:15:00,390.2,390.6,389.2,390.4,65.281
2024-06-01 11:30:00,390.3,392.7,390.2,392.4,119.7283
2024-06-01 11:45:00,392.4,395.0,392.4,394.1,207.2683
2024-06-01 12:00:00,394.0,394.9,391.9,392.7,168.7451
2024-06-01 12:15:00,392.9,393.2,391.8,391.9,162.1846
2024-06-01 12:30:00,392.0,394.8,391.9,394.5,95.9252
2024-06-01 12:45:00,394.4,394.9,392.8,393.5,71.7292
2024-06-01 13:00:00,393.4,393.8,391.8,393.6,231.9917
2024-06-01 13:15:00,393.6,395.0,392.9,394.0,76.6995
2024-06-01 13:30:00,393.9,394.4,392.0,393.1,256.0695
2024-06-01 13:45:00,393.2,393.2,391.9,392.9,88.6766
2024-06-01 14:00:00,392.7,394.8,392.6,393.5,163.7301
2024-06-01 14:15:00,393.6,394.8,392.8,394.6,109.2989
2024-06-01 14:30:00,394.4,394.4,392.3,393.7,219.1119
2024-06-01 14:45:00,393.4,394.6,392.8,392.9,112.3687
2024-06-01 15:00:00,392.9,394.2,392.7,393.0,147.4462
2024-06-01 15:15:00,392.9,394.3,392.9,393.0,192.3758
2024-06-01 15:30:00,392.9,394.9,392.9,394.6,37.3763
2024-06-01 15:45:00,394.4,395.5,394.1,395.3,102.0826
2024-06-01 16:00:00,395.1,395.7,394.1,394.8,215.1789
2024-06-01 16:15:00,394.8,394.8,392.0,392.6,187.6689
2024-06-01 16:30:00,392.5,394.1,392.3,393.9,89.5533
2024-06-01 16:45:00,393.9,394.2,391.0,391.8,329.4634
2024-06-01 17:00:00,391.8,392.0,389.9,390.3,172.3808
2024-06-01 17:15:00,390.4,391.0,389.6,390.1,158.263
2024-06-01 17:30:00,389.9,390.6,389.7,389.8,57.3566
2024-06-01 17:45:00,389.8,389.8,388.0,388.4,379.5824
2024-06-01 18:00:00,388.4,389.2,387.7,389.2,138.7331
2024-06-01 18:15:00,389.2,389.5,388.5,388.7,154.0551
2024-06-01 18:30:00,388.7,389.7,388.7,389.7,63.8987
2024-06-01 18:45:00,389.6,390.6,389.4,389.8,129.5391
2024-06-01 19:00:00,389.8,390.7,388.8,390.3,145.1533
2024-06-01 19:15:00,390.1,391.3,389.0,391.1,108.7481
2024-06-01 19:30:00,391.1,392.5,390.5,391.1,379.6891
2024-06-01 19:45:00,391.0,392.1,389.2,389.4,140.6409
2024-06-01 20:00:00,389.5,395.1,389.2,391.4,615.6452
2024-06-01 20:15:00,391.4,398.5,390.6,392.7,621.1883
2024-06-01 20:30:00,392.7,393.7,391.7,391.7,250.5203
2024-06-01 20:45:00,391.8,393.9,391.8,393.3,193.9113
2024-06-01 21:00:00,393.2,397.3,392.9,396.1,575.5084
2024-06-01 21:15:00,396.2,399.0,396.0,398.1,290.7844
2024-06-01 21:30:00,398.3,399.0,396.1,397.0,589.6005
2024-06-01 21:45:00,396.9,399.0,396.3,398.4,254.6456
2024-06-01 22:00:00,398.5,402.9,398.4,400.5,1169.4525
2024-06-01 22:15:00,400.5,401.2,399.3,399.7,621.4259
2024-06-01 22:30:00,399.7,399.8,395.5,397.5,447.7393
2024-06-01 22:45:00,397.5,397.9,393.5,393.5,511.1704
2024-06-01 23:00:00,393.6,394.4,392.8,393.5,268.2624
2024-06-01 23:15:00,393.6,395.1,392.9,395.0,197.2314
2024-06-01 23:30:00,395.1,396.3,394.0,395.3,175.4733
2024-06-01 23:45:00,395.3,395.7,394.4,395.4,150.2667
2024-06-02 00:00:00,395.4,395.7,393.9,394.2,226.0552
2024-06-02 00:15:00,394.1,395.1,394.0,394.6,178.3664
2024-06-02 00:30:00,394.6,397.8,394.2,396.9,346.0472
2024-06-02 00:45:00,396.7,397.0,394.5,396.9,199.2879
2024-06-02 01:00:00,396.7,397.4,395.4,396.1,88.3863
2024-06-02 01:15:00,396.0,396.6,395.2,396.6,148.1538
2024-06-02 01:30:00,396.5,396.6,394.7,395.3,218.7413
2024-06-02 01:45:00,395.5,396.0,394.5,396.0,139.1986
2024-06-02 02:00:00,396.0,396.4,395.1,395.2,112.4413
2024-06-02 02:15:00,395.3,395.3,394.0,394.7,122.1319
2024-06-02 02:30:00,394.8,394.9,392.1,394.2,408.7866
2024-06-02 02:45:00,394.3,394.7,392.2,393.5,626.9252
2024-06-02 03:00:00,393.4,393.8,392.4,392.4,152.5452
2024-06-02 03:15:00,392.4,392.7,391.2,391.9,318.7917
2024-06-02 03:30:00,391.9,392.3,391.1,391.9,328.9605
2024-06-02 03:45:00,391.8,392.6,391.4,392.3,305.3284
2024-06-02 04:00:00,392.4,392.8,391.4,392.1,183.9407
2024-06-02 04:15:00,392.1,392.7,391.5,392.2,140.28
2024-06-02 04:30:00,392.0,392.4,390.3,390.7,567.8684
2024-06-02 04:45:00,390.7,391.1,389.6,390.1,294.4804
2024-06-02 05:00:00,390.1,390.3,388.4,388.5,352.2205
2024-06-02 05:15:00,388.4,390.8,388.3,390.6,436.0556
2024-06-02 05:30:00,390.5,390.5,388.4,389.3,642.2452
2024-06-02 05:45:00,389.4,392.9,389.3,389.9,546.1509
2024-06-02 06:00:00,389.8,390.6,388.3,388.4,323.3146
2024-06-02 06:15:00,388.4,388.6,387.1,387.1,1046.2624
2024-06-02 06:30:00,387.1,387.4,385.2,386.0,1178.1893
2024-06-02 06:45:00,385.9,387.2,385.3,386.7,184.0131
2024-06-02 07:00:00,386.7,388.1,385.9,387.7,201.3876
2024-06-02 07:15:00,387.6,405.0,387.5,389.2,1674.8538
2024-06-02 07:30:00,389.0,389.0,386.5,388.5,308.3592
2024-06-02 07:45:00,388.3,390.7,388.3,389.8,314.3194
2024-06-02 08:00:00,389.8,390.0,387.1,388.2,236.568
2024-06-02 08:15:00,388.2,390.4,388.0,389.4,196.6522
2024-06-02 08:30:00,389.5,389.7,387.1,387.4,168.9578
2024-06-02 08:45:00,387.4,388.7,387.1,388.7,333.5213
2024-06-02 09:00:00,388.7,389.4,387.5,389.3,187.8314
2024-06-02 09:15:00,389.2,389.9,388.4,389.3,172.6196
2024-06-02 09:30:00,389.2,391.2,388.2,388.8,524.4276
2024-06-02 09:45:00,388.8,391.9,387.7,389.4,522.3325
2024-06-02 10:00:00,389.3,391.0,389.0,390.6,142.6723
2024-06-02 10:15:00,390.8,391.3,389.2,390.7,165.0831
2024-06-02 10:30:00,390.6,392.3,390.2,391.4,342.0044
2024-06-02 10:45:00,391.4,391.9,390.5,390.9,134.9608
2024-06-02 11:00:00,390.9,391.3,389.1,389.8,286.1828
2024-06-02 11:15:00,389.8,390.1,388.0,388.6,167.5147
2024-06-02 11:30:00,388.7,390.7,388.3,390.6,193.7329
2024-06-02 11:45:00,390.5,391.8,390.1,390.9,145.5889
2024-06-02 12:00:00,390.9,392.4,390.8,391.8,223.6316
2024-06-02 12:15:00,391.8,391.8,390.8,391.7,160.8397
2024-06-02 12:30:00,391.7,391.7,389.3,389.3,309.3185
2024-06-02 12:45:00,389.3,390.6,389.2,389.5,267.4472
2024-06-02 13:00:00,389.4,391.9,388.1,391.9,570.1067
2024-06-02 13:15:00,391.9,392.2,390.1,391.7,312.2227
2024-06-02 13:30:00,391.5,393.9,391.1,391.2,389.5117
2024-06-02 13:45:00,391.1,393.6,390.6,392.6,237.0223
2024-06-02 14:00:00,392.7,395.0,392.7,394.6,602.9056
2024-06-02 14:15:00,394.7,396.3,392.6,396.2,1408.0749
2024-06-02 14:30:00,396.3,396.4,392.0,395.3,596.7925
2024-06-02 14:45:00,395.4,397.0,394.2,395.3,855.6538
2024-06-02 15:00:00,395.4,397.5,394.8,397.1,477.754
2024-06-02 15:15:00,397.1,405.0,396.2,401.4,1680.4168
2024-06-02 15:30:00,401.4,402.2,395.2,400.7,1427.357
2024-06-02 15:45:00,400.7,401.2,398.2,400.4,382.1371
2024-06-02 16:00:00,400.1,402.3,399.6,399.8,753.0432
2024-06-02 16:15:00,399.7,399.7,393.0,393.3,757.1222
2024-06-02 16:30:00,393.3,395.3,391.1,391.4,733.9718
2024-06-02 16:45:00,391.6,394.9,391.6,394.6,348.805
2024-06-02 17:00:00,394.6,394.6,391.4,393.0,536.2376
2024-06-02 17:15:00,393.0,393.6,388.3,390.7,574.4656
2024-06-02 17:30:00,390.7,391.9,389.2,391.9,209.0505
2024-06-02 17:45:00,391.9,392.3,390.4,390.9,158.9454
2024-06-02 18:00:00,391.0,391.1,388.6,389.5,286.4793
2024-06-02 18:15:00,389.6,391.2,389.3,391.2,349.8338
2024-06-02 18:30:00,391.2,393.1,390.6,392.9,230.7302
2024-06-02 18:45:00,392.8,397.5,392.5,396.9,609.4861
2024-06-02 19:00:00,396.9,398.7,395.6,398.1,584.8496
2024-06-02 19:15:00,398.3,398.7,394.7,395.3,410.9256
2024-06-02 19:30:00,395.4,397.2,395.1,395.7,448.5661
2024-06-02 19:45:00,396.1,396.5,392.6,394.1,331.7026
2024-06-02 20:00:00,394.2,394.3,391.9,393.1,593.6297
2024-06-02 20:15:00,393.2,394.1,391.8,393.7,287.2972
2024-06-02 20:30:00,393.8,394.6,391.2,392.7,369.0857
2024-06-02 20:45:00,392.7,394.9,392.5,394.2,153.9811
2024-06-02 21:00:00,394.5,396.2,392.8,396.2,180.6896
2024-06-02 21:15:00,396.1,397.3,395.5,396.7,293.9648
2024-06-02 21:30:00,396.7,398.4,395.3,395.9,356.802
2024-06-02 21:45:00,395.9,398.5,395.5,398.3,89.3738
2024-06-02 22:00:00,398.4,398.9,397.4,398.6,184.4604
2024-06-02 22:15:00,398.8,399.6,392.7,393.2,594.7051
2024-06-02 22:30:00,393.1,393.6,391.4,392.8,412.3866
2024-06-02 22:45:00,392.7,393.3,391.0,391.7,410.4954
2024-06-02 23:00:00,391.6,392.8,389.8,390.0,736.2975
2024-06-02 23:15:00,389.9,390.7,389.0,389.3,618.3771
2024-06-02 23:30:00,389.2,390.9,389.0,389.5,227.4699
2024-06-02 23:45:00,389.4,390.5,388.7,389.2,312.8678
2024-06-03 00:00:00,389.1,390.0,386.4,387.3,862.1867
2024-06-03 00:15:00,387.2,388.7,385.0,388.5,720.0914
2024-06-03 00:30:00,388.3,388.6,385.5,387.3,825.3571
2024-06-03 00:45:00,387.3,388.0,383.8,384.0,860.2526
2024-06-03 01:00:00,383.8,384.2,378.6,382.3,1703.7398
2024-06-03 01:15:00,382.2,385.6,381.9,384.4,662.9216
2024-06-03 01:30:00,384.3,387.0,384.3,386.2,936.4369
2024-06-03 01:45:00,386.1,386.3,385.0,386.0,193.0268
2024-06-03 02:00:00,386.1,387.6,385.1,385.9,250.4333
2024-06-03 02:15:00,385.9,386.1,382.5,384.0,363.3617
2024-06-03 02:30:00,383.9,385.4,383.5,385.3,543.0247
2024-06-03 02:45:00,385.4,387.0,385.1,386.5,245.3992
2024-06-03 03:00:00,386.5,387.1,383.2,383.2,261.8413
2024-06-03 03:15:00,383.3,383.3,381.0,382.8,401.9383
2024-06-03 03:30:00,382.8,384.4,382.3,384.4,273.5447
2024-06-03 03:45:00,384.3,385.1,383.7,384.1,187.2563
2024-06-03 04:00:00,384.0,384.5,382.1,382.9,342.1336
2024-06-03 04:15:00,383.0,383.6,382.3,382.7,322.3521
2024-06-03 04:30:00,382.6,383.3,380.7,382.8,283.6887
2024-06-03 04:45:00,382.8,383.5,381.1,381.8,177.4768
2024-06-03 05:00:00,381.8,383.3,381.4,382.6,215.9171
2024-06-03 05:15:00,382.7,384.3,382.6,383.7,108.941
2024-06-03 05:30:00,383.7,384.9,383.2,383.5,452.4203
2024-06-03 05:45:00,383.4,383.5,381.7,382.8,179.8779
2024-06-03 06:00:00,382.9,384.4,382.9,384.1,228.8585
2024-06-03 06:15:00,384.0,384.3,383.2,384.0,74.8681
2024-06-03 06:30:00,384.0,384.1,379.0,379.9,805.7087
2024-06-03 06:45:00,379.8,382.0,379.8,381.1,226.732
2024-06-03 07:00:00,381.0,382.5,380.1,382.0,348.0626
2024-06-03 07:15:00,382.0,382.3,378.7,378.9,413.1499
2024-06-03 07:30:00,378.9,379.3,375.6,376.5,1077.58
2024-06-03 07:45:00,376.5,380.1,375.5,379.2,638.23
2024-06-03 08:00:00,379.4,383.7,379.0,380.4,322.6896
2024-06-03 08:15:00,380.4,384.9,380.1,384.5,315.2769
2024-06-03 08:30:00,384.5,385.4,381.5,382.3,315.0175
2024-06-03 08:45:00,382.2,384.2,380.9,382.4,643.3697
2024-06-03 09:00:00,382.7,384.7,381.5,384.6,509.4217
2024-06-03 09:15:00,384.6,385.5,383.9,383.9,254.0996
2024-06-03 09:30:00,383.9,384.3,381.8,382.3,412.9331
2024-06-03 09:45:00,382.2,382.6,380.7,381.0,732.0047
2024-06-03 10:00:00,381.0,381.2,377.8,378.6,1183.8366
2024-06-03 10:15:00,378.6,379.6,377.5,379.1,416.1533
2024-06-03 10:30:00,379.2,380.6,378.9,379.4,270.8463
2024-06-03 10:45:00,379.4,380.7,378.6,379.3,540.89
2024-06-03 11:00:00,379.4,380.9,378.0,379.8,677.9149
2024-06-03 11:15:00,379.7,379.9,376.8,376.8,635.8906
2024-06-03 11:30:00,376.8,379.1,375.9,376.3,340.7262
2024-06-03 11:45:00,376.2,380.0,375.4,378.1,877.8072
2024-06-03 12:00:00,378.1,380.7,377.6,377.9,680.6812
2024-06-03 12:15:00,377.9,380.4,377.9,379.6,317.4274
2024-06-03 12:30:00,379.8,380.5,377.6,378.8,266.1712
2024-06-03 12:45:00,378.7,379.1,377.5,378.1,500.6398
2024-06-03 13:00:00,378.1,379.4,377.8,378.5,205.3931
2024-06-03 13:15:00,378.5,382.3,378.5,382.0,328.4284
2024-06-03 13:30:00,382.4,383.5,381.9,382.9,402.7561
2024-06-03 13:45:00,383.0,383.6,381.9,382.6,414.3158
2024-06-03 14:00:00,383.0,383.6,380.8,380.8,1046.9518
2024-06-03 14:15:00,380.7,381.7,379.9,380.7,716.9303
2024-06-03 14:30:00,380.7,381.2,379.8,381.1,280.2569
2024-06-03 14:45:00,381.1,381.9,380.4,381.8,325.1191
2024-06-03 15:00:00,381.9,382.7,381.0,381.2,449.7786
2024-06-03 15:15:00,381.1,383.3,381.0,382.9,462.0092
2024-06-03 15:30:00,383.0,384.1,381.0,383.6,1099.3174
2024-06-03 15:45:00,383.7,384.6,382.0,382.1,658.4046
2024-06-03 16:00:00,382.2,382.3,380.1,381.6,483.3771
2024-06-03 16:15:00,381.7,382.1,380.8,381.9,405.4561
2024-06-03 16:30:00,381.9,384.0,381.6,382.9,417.8572
2024-06-03 16:45:00,383.0,386.1,382.3,384.1,567.1373
2024-06-03 17:00:00,384.1,385.1,382.6,383.8,472.2484
2024-06-03 17:15:00,383.8,383.9,381.9,381.9,605.7878
2024-06-03 17:30:00,382.0,383.8,381.6,382.2,643.0528
2024-06-03 17:45:00,382.5,382.5,380.2,380.6,477.1708
2024-06-03 18:00:00,380.7,381.6,380.2,380.5,235.3312
2024-06-03 18:15:00,380.5,383.2,380.3,382.2,574.6125
2024-06-03 18:30:00,382.5,383.1,380.0,380.8,324.5022
2024-06-03 18:45:00,380.7,381.2,379.7,381.0,328.63
2024-06-03 19:00:00,381.0,382.1,381.0,381.9,374.0274
2024-06-03 19:15:00,381.9,383.3,381.5,383.0,539.8263
2024-06-03 19:30:00,383.0,383.4,380.0,380.9,878.8463
2024-06-03 19:45:00,381.0,383.9,379.8,382.9,1071.6142
2024-06-03 20:00:00,382.8,383.8,382.2,382.8,520.7159
2024-06-03 20:15:00,382.7,383.4,382.3,383.0,268.8174
2024-06-03 20:30:00,382.9,383.5,382.1,383.0,304.6989
2024-06-03 20:45:00,382.9,384.2,379.9,380.7,681.5542
2024-06-03 21:00:00,380.7,382.5,379.0,382.4,923.5474
2024-06-03 21:15:00,382.3,382.7,380.1,380.6,774.4789
2024-06-03 21:30:00,380.6,380.7,377.2,378.8,1001.7329
2024-06-03 21:45:00,378.8,378.9,373.0,376.3,1368.2468
2024-06-03 22:00:00,376.1,379.8,376.0,379.6,637.9187
2024-06-03 22:15:00,379.5,381.2,378.4,380.5,448.8477
2024-06-03 22:30:00,380.4,384.0,380.4,383.8,1792.8888
2024-06-03 22:45:00,383.7,385.7,382.1,385.1,1843.9478
2024-06-03 23:00:00,385.2,390.3,383.2,386.1,3422.3857
2024-06-03 23:15:00,386.1,388.0,382.7,383.7,447.0441
2024-06-03 23:30:00,383.6,383.7,380.6,381.8,905.9798
2024-06-03 23:45:00,381.7,382.2,378.5,380.0,810.4488
2024-06-04 00:00:00,379.9,380.8,378.0,380.7,624.1529
2024-06-04 00:15:00,380.7,380.9,378.7,379.5,525.7438
2024-06-04 00:30:00,379.5,380.0,377.7,379.4,456.6633
2024-06-04 00:45:00,379.5,379.9,378.3,379.5,236.1707
2024-06-04 01:00:00,379.6,380.3,377.6,378.1,576.1118
2024-06-04 01:15:00,378.1,379.6,377.3,378.6,253.9248
2024-06-04 01:30:00,378.7,379.5,377.1,377.2,618.2645
2024-06-04 01:45:00,377.2,378.6,377.1,378.1,349.6623
2024-06-04 02:00:00,378.3,378.3,377.0,377.3,396.6687
2024-06-04 02:15:00,377.2,378.0,377.0,377.0,401.2238
2024-06-04 02:30:00,377.1,378.3,377.0,377.9,335.543
2024-06-04 02:45:00,378.0,379.5,377.9,379.5,276.2994
2024-06-04 03:00:00,379.5,380.6,378.7,380.1,244.6776
2024-06-04 03:15:00,380.0,381.1,379.2,380.2,428.969
2024-06-04 03:30:00,380.1,380.1,377.4,378.1,566.4928
2024-06-04 03:45:00,378.0,379.1,377.8,378.4,251.4343
2024-06-04 04:00:00,378.2,380.8,378.1,379.2,414.7951
2024-06-04 04:15:00,379.2,380.2,377.6,378.4,132.2436
2024-06-04 04:30:00,378.3,378.5,375.8,378.5,373.6201
2024-06-04 04:45:00,378.6,379.8,378.4,379.4,74.8803
2024-06-04 05:00:00,379.4,379.7,377.5,378.0,312.0091
2024-06-04 05:15:00,378.1,378.8,377.6,378.5,164.478
2024-06-04 05:30:00,378.7,380.6,378.7,380.5,190.1494
2024-06-04 05:45:00,380.6,381.0,380.0,380.2,165.1723
2024-06-04 06:00:00,380.4,381.6,380.0,380.7,190.1442
2024-06-04 06:15:00,380.7,380.7,378.9,379.0,176.9142
2024-06-04 06:30:00,378.9,380.3,378.1,378.3,231.5083
2024-06-04 06:45:00,378.3,379.4,378.1,378.7,133.2537
2024-06-04 07:00:00,378.7,381.3,377.8,381.3,487.1216
2024-06-04 07:15:00,381.4,382.0,378.1,380.0,555.7031
2024-06-04 07:30:00,380.0,382.7,379.3,382.6,299.5588
2024-06-04 07:45:00,382.5,383.3,382.0,382.8,134.1419
2024-06-04 08:00:00,382.8,383.4,381.5,382.9,194.6516
2024-06-04 08:15:00,382.9,384.1,381.9,382.3,411.3116
2024-06-04 08:30:00,382.4,383.7,382.1,382.1,198.0805
2024-06-04 08:45:00,382.1,382.8,380.7,382.6,143.0596
2024-06-04 09:00:00,382.6,382.6,380.6,382.0,120.782
2024-06-04 09:15:00,381.9,382.7,380.7,381.5,139.7949
2024-06-04 09:30:00,381.3,383.4,380.9,383.4,127.0694
2024-06-04 09:45:00,383.5,384.4,383.0,383.9,287.7266
2024-06-04 10:00:00,384.0,384.9,383.0,384.9,222.0573
2024-06-04 10:15:00,384.7,384.9,382.9,382.9,290.4519
2024-06-04 10:30:00,382.9,383.4,382.3,383.4,70.1522
2024-06-04 10:45:00,383.4,384.5,382.8,383.6,126.4141
2024-06-04 11:00:00,383.7,385.5,383.0,385.0,335.5901
2024-06-04 11:15:00,385.0,385.1,382.0,383.0,297.9455
2024-06-04 11:30:00,383.1,383.2,381.3,382.3,207.6009
2024-06-04 11:45:00,382.4,382.4,380.1,381.3,123.5804
2024-06-04 12:00:00,381.2,382.4,380.4,381.9,151.6045
2024-06-04 12:15:00,381.9,382.2,380.6,381.5,157.4947
2024-06-04 12:30:00,381.4,381.4,380.0,380.0,153.9234
2024-06-04 12:45:00,380.0,380.9,379.3,379.3,165.1356
2024-06-04 13:00:00,379.3,379.7,377.7,379.5,302.5112
2024-06-04 13:15:00,379.5,379.6,378.0,379.5,135.6472
2024-06-04 13:30:00,379.6,381.5,379.5,380.2,211.3184
2024-06-04 13:45:00,380.2,381.9,378.9,379.1,216.8733
2024-06-04 14:00:00,379.1,382.2,378.5,382.2,392.0851
2024-06-04 14:15:00,382.2,383.9,381.5,382.3,838.6683
2024-06-04 14:30:00,382.2,383.6,380.9,382.3,316.1651
2024-06-04 14:45:00,382.4,383.9,382.2,382.8,276.8041
2024-06-04 15:00:00,382.9,383.3,381.9,382.7,244.9637
2024-06-04 15:15:00,382.8,384.0,381.9,382.3,314.1914
2024-06-04 15:30:00,382.1,382.6,380.9,381.3,234.8763
2024-06-04 15:45:00,381.3,382.2,379.5,379.6,309.4955
2024-06-04 16:00:00,379.5,382.9,379.4,382.2,448.3091
2024-06-04 16:15:00,382.1,382.4,380.3,381.5,176.0549
2024-06-04 16:30:00,381.3,381.8,380.0,380.3,202.5618
2024-06-04 16:45:00,380.4,381.8,379.6,381.2,332.0514
2024-06-04 17:00:00,381.2,382.6,380.5,381.0,235.9095
2024-06-04 17:15:00,380.8,382.7,380.7,381.5,214.7505
2024-06-04 17:30:00,381.5,383.6,381.4,382.9,350.6496
2024-06-04 17:45:00,382.9,383.9,382.6,383.7,317.5828
2024-06-04 18:00:00,383.7,384.6,383.2,383.6,419.3181
2024-06-04 18:15:00,383.6,385.2,383.6,383.9,275.6226
2024-06-04 18:30:00,383.9,385.1,382.0,383.0,494.6119
2024-06-04 18:45:00,383.2,385.1,382.7,384.2,196.7201
2024-06-04 19:00:00,384.1,386.0,382.6,385.5,472.2857
2024-06-04 19:15:00,385.4,385.6,384.1,384.6,230.8943
2024-06-04 19:30:00,384.6,385.6,383.4,383.5,172.1187
2024-06-04 19:45:00,383.5,383.5,381.1,382.3,322.8368
2024-06-04 20:00:00,382.2,384.2,382.0,383.8,252.9396
2024-06-04 20:15:00,383.8,385.1,383.2,383.6,322.5955
2024-06-04 20:30:00,383.5,384.8,382.5,384.6,309.9559
2024-06-04 20:45:00,384.4,386.0,382.9,385.3,245.8149
2024-06-04 21:00:00,385.5,389.4,385.5,389.1,1032.3891
2024-06-04 21:15:00,389.0,390.6,386.4,389.0,938.9831
2024-06-04 21:30:00,389.0,389.1,384.5,385.7,554.0544
2024-06-04 21:45:00,385.7,386.3,383.8,385.5,291.6073
2024-06-04 22:00:00,385.4,387.2,383.5,386.7,1031.3297
2024-06-04 22:15:00,386.4,388.9,385.3,388.3,461.302
2024-06-04 22:30:00,388.5,389.8,387.8,389.8,771.6463
2024-06-04 22:45:00,389.9,392.6,389.8,391.0,783.7883
2024-06-04 23:00:00,390.8,392.4,389.8,392.4,537.3777
2024-06-04 23:15:00,392.5,399.6,392.3,397.6,2096.5249
2024-06-04 23:30:00,397.5,398.8,395.2,396.5,810.1754
2024-06-04 23:45:00,396.4,397.5,396.1,397.0,777.5121
2024-06-05 00:00:00,397.1,397.2,394.1,395.0,441.9843
2024-06-05 00:15:00,395.0,397.0,394.5,396.0,483.9142
2024-06-05 00:30:00,395.9,396.7,393.8,395.2,965.6097
2024-06-05 00:45:00,395.1,396.9,394.9,396.9,384.5087
2024-06-05 01:00:00,397.1,398.6,395.3,397.5,526.8403
2024-06-05 01:15:00,397.7,398.1,396.5,396.8,373.0622
2024-06-05 01:30:00,397.0,398.2,396.3,397.4,419.6618
2024-06-05 01:45:00,397.5,397.6,394.6,395.3,1469.9154
2024-06-05 02:00:00,395.3,395.4,391.7,392.4,695.8515
2024-06-05 02:15:00,392.4,393.2,392.2,393.1,145.098
2024-06-05 02:30:00,393.0,394.2,391.0,393.2,300.9259
2024-06-05 02:45:00,393.1,394.5,392.4,394.3,209.0116
2024-06-05 03:00:00,394.3,394.4,391.8,392.0,133.4638
2024-06-05 03:15:00,392.0,392.2,389.9,390.1,509.678
2024-06-05 03:30:00,390.0,391.3,389.1,389.8,341.7379
2024-06-05 03:45:00,389.8,393.4,389.4,392.3,780.3027
2024-06-05 04:00:00,392.4,393.1,391.6,391.6,103.139
2024-06-05 04:15:00,391.6,392.3,389.6,392.1,307.2352
2024-06-05 04:30:00,392.0,393.7,391.5,393.6,103.2965
2024-06-05 04:45:00,393.5,395.5,393.2,394.7,207.3939
2024-06-05 05:00:00,394.8,396.5,394.3,396.1,208.8635
2024-06-05 05:15:00,396.0,396.5,394.4,395.7,346.7988
2024-06-05 05:30:00,395.9,397.4,395.6,397.3,188.6093
2024-06-05 05:45:00,397.2,399.8,396.9,398.8,665.298
2024-06-05 06:00:00,398.6,399.8,397.5,399.0,246.4723
2024-06-05 06:15:00,399.0,399.5,397.0,399.0,262.6885
2024-06-05 06:30:00,398.8,399.4,397.9,397.9,202.6383
2024-06-05 06:45:00,397.9,398.3,397.2,397.6,143.9304
2024-06-05 07:00:00,397.5,398.8,394.4,396.9,389.9614
2024-06-05 07:15:00,396.8,400.0,396.4,400.0,303.713
2024-06-05 07:30:00,400.0,402.6,399.2,401.6,516.4655
2024-06-05 07:45:00,401.3,401.5,399.7,400.4,358.6845
2024-06-05 08:00:00,400.4,400.8,398.7,400.0,146.2658
2024-06-05 08:15:00,400.1,406.5,400.1,406.4,785.8138
2024-06-05 08:30:00,406.3,409.0,405.7,407.7,774.6775
2024-06-05 08:45:00,407.7,411.3,407.2,407.8,1479.6624
2024-06-05 09:00:00,407.5,407.7,402.3,402.8,1218.0006
2024-06-05 09:15:00,402.9,404.0,401.4,402.5,772.2317
2024-06-05 09:30:00,402.4,403.9,398.0,398.3,723.9234
2024-06-05 09:45:00,398.2,401.1,398.2,400.7,253.8251
2024-06-05 10:00:00,400.6,402.4,399.1,399.4,335.038
2024-06-05 10:15:00,399.4,402.6,399.3,402.1,317.7322
2024-06-05 10:30:00,402.2,403.3,401.7,402.5,431.6091
2024-06-05 10:45:00,402.3,404.2,402.0,404.1,155.3813
2024-06-05 11:00:00,404.2,405.0,402.6,403.6,398.8847
2024-06-05 11:15:00,403.6,406.8,403.5,404.3,309.4364
2024-06-05 11:30:00,404.4,406.2,404.4,404.7,200.3859
2024-06-05 11:45:00,404.7,407.0,404.3,406.6,232.1701
2024-06-05 12:00:00,406.6,408.5,405.6,406.7,974.0838
2024-06-05 12:15:00,406.7,409.9,406.5,409.0,624.2519
2024-06-05 12:30:00,408.8,410.1,406.4,407.4,811.7513
2024-06-05 12:45:00,407.2,407.4,406.0,406.5,270.6726
2024-06-05 13:00:00,406.4,406.4,404.3,405.3,405.6769
2024-06-05 13:15:00,405.2,406.0,404.7,405.3,277.5763
2024-06-05 13:30:00,405.2,406.0,404.3,405.5,252.0866
2024-06-05 13:45:00,405.4,406.2,403.3,405.7,562.6863
2024-06-05 14:00:00,405.6,406.1,404.9,405.5,414.9539
2024-06-05 14:15:00,405.5,406.5,403.6,403.8,243.1342
2024-06-05 14:30:00,403.6,403.6,400.6,401.3,1000.1186
2024-06-05 14:45:00,401.2,401.5,399.1,401.5,685.9017
2024-06-05 15:00:00,401.4,401.5,398.0,399.3,771.4551
2024-06-05 15:15:00,399.2,400.4,398.5,399.4,616.5255
2024-06-05 15:30:00,399.4,400.4,398.8,400.3,522.3235
2024-06-05 15:45:00,400.2,401.8,399.8,401.0,461.4285
2024-06-05 16:00:00,401.0,403.6,400.6,401.7,285.9048
2024-06-05 16:15:00,401.6,404.0,401.5,403.5,168.451
2024-06-05 16:30:00,403.6,403.8,400.9,401.8,687.1323
2024-06-05 16:45:00,401.8,404.0,401.6,402.8,231.5138
2024-06-05 17:00:00,402.8,404.9,402.5,404.1,244.3127
2024-06-05 17:15:00,403.8,408.2,403.8,405.9,755.8591
2024-06-05 17:30:00,405.8,410.0,405.8,408.2,855.0776
2024-06-05 17:45:00,408.1,409.9,406.7,408.2,748.8794
2024-06-05 18:00:00,408.1,410.0,406.3,408.3,490.6984
2024-06-05 18:15:00,408.3,410.6,408.3,410.0,292.4897
2024-06-05 18:30:00,410.2,410.8,409.0,410.1,399.6304
2024-06-05 18:45:00,410.1,410.7,409.1,410.4,339.2837
2024-06-05 19:00:00,410.3,410.9,408.7,409.0,647.7297
2024-06-05 19:15:00,409.1,409.7,405.0,405.0,652.1502
2024-06-05 19:30:00,404.9,407.6,403.1,407.6,462.0882
2024-06-05 19:45:00,407.4,409.8,407.3,409.5,428.1084
2024-06-05 20:00:00,409.3,411.0,408.1,408.1,669.3256
2024-06-05 20:15:00,408.2,411.9,408.2,410.6,386.8131
2024-06-05 20:30:00,410.4,410.6,406.7,409.7,500.9557
2024-06-05 20:45:00,409.5,409.8,406.7,408.6,292.4106
2024-06-05 21:00:00,408.5,408.5,405.6,407.4,481.0901
2024-06-05 21:15:00,407.4,409.8,406.3,409.0,424.1493
2024-06-05 21:30:00,409.3,410.8,408.4,410.6,588.9065
2024-06-05 21:45:00,410.6,418.6,410.6,415.7,1882.253
2024-06-05 22:00:00,415.5,419.8,412.1,414.0,1271.0307
2024-06-05 22:15:00,413.9,417.8,413.9,417.2,1060.3638
2024-06-05 22:30:00,417.3,422.0,416.3,420.0,1596.5754
2024-06-05 22:45:00,419.9,420.5,416.1,417.8,797.0583
2024-06-05 23:00:00,417.9,423.2,417.6,423.0,748.9808
2024-06-05 23:15:00,423.2,424.9,420.0,421.8,1085.0005
2024-06-05 23:30:00,422.0,422.1,417.1,418.7,362.0056
2024-06-05 23:45:00,418.8,419.2,415.8,417.1,399.5141
2024-06-06 00:00:00,417.1,420.3,416.6,419.6,356.7475
2024-06-06 00:15:00,419.6,421.1,413.8,414.4,946.9868
2024-06-06 00:30:00,414.4,414.7,410.8,411.2,588.1784
2024-06-06 00:45:00,411.2,412.7,410.3,411.3,447.1932
2024-06-06 01:00:00,411.4,414.6,411.4,413.2,601.1587
2024-06-06 01:15:00,413.2,414.7,412.5,413.8,300.6395
2024-06-06 01:30:00,413.7,414.3,413.1,413.7,166.2084
2024-06-06 01:45:00,413.6,414.8,412.4,414.5,551.7625
2024-06-06 02:00:00,414.4,415.4,412.7,412.7,391.1471
2024-06-06 02:15:00,412.7,414.7,412.6,413.4,365.3264
2024-06-06 02:30:00,413.3,416.0,413.2,416.0,269.2639
2024-06-06 02:45:00,416.0,416.1,415.1,415.3,241.3491
2024-06-06 03:00:00,415.4,415.9,414.3,415.2,385.3336
2024-06-06 03:15:00,415.2,416.0,414.5,415.5,364.514
2024-06-06 03:30:00,415.3,416.0,414.3,415.3,277.486
2024-06-06 03:45:00,415.3,421.7,415.1,418.4,847.2847
2024-06-06 04:00:00,418.3,421.1,418.1,420.3,749.439
2024-06-06 04:15:00,420.2,421.2,418.2,418.9,437.6042
2024-06-06 04:30:00,419.0,420.7,418.8,420.0,164.3649
2024-06-06 04:45:00,420.4,421.2,419.7,419.8,258.545
2024-06-06 05:00:00,419.8,420.5,418.5,419.5,418.0276
2024-06-06 05:15:00,419.4,419.9,417.7,418.4,319.6467
2024-06-06 05:30:00,418.4,419.4,418.4,419.1,258.2114
2024-06-06 05:45:00,419.1,419.4,417.1,417.5,294.3742
2024-06-06 06:00:00,417.7,420.5,417.7,420.3,209.061
2024-06-06 06:15:00,420.2,420.8,419.2,420.5,290.1741
2024-06-06 06:30:00,420.5,420.9,418.4,418.4,381.3533
2024-06-06 06:45:00,418.4,418.6,417.7,418.4,374.6862
2024-06-06 07:00:00,418.4,419.4,414.1,419.4,803.481
2024-06-06 07:15:00,419.4,419.4,417.4,418.6,333.6179
2024-06-06 07:30:00,418.7,418.9,417.2,417.9,224.4966
2024-06-06 07:45:00,417.8,418.2,417.2,417.9,229.9715
2024-06-06 08:00:00,417.9,418.1,415.8,417.1,313.4237
2024-06-06 08:15:00,417.1,417.5,416.0,417.1,207.0249
2024-06-06 08:30:00,417.4,418.2,416.4,417.3,208.924
2024-06-06 08:45:00,417.3,418.5,416.9,417.6,255.697
2024-06-06 09:00:00,417.6,419.0,417.4,417.5,221.2507
2024-06-06 09:15:00,417.5,418.9,416.8,418.4,471.4526
2024-06-06 09:30:00,418.4,419.1,417.5,417.9,634.1101
2024-06-06 09:45:00,417.8,419.7,417.1,419.4,412.885
2024-06-06 10:00:00,419.3,420.7,418.1,418.2,648.2334
2024-06-06 10:15:00,418.1,418.5,415.9,417.3,397.5093
2024-06-06 10:30:00,417.2,418.4,416.2,417.3,465.8993
2024-06-06 10:45:00,417.4,418.2,417.1,417.4,224.1572
2024-06-06 11:00:00,417.7,418.2,416.9,416.9,214.6815
2024-06-06 11:15:00,417.0,417.9,416.1,416.3,278.4003
2024-06-06 11:30:00,416.2,418.2,416.2,417.1,478.079
2024-06-06 11:45:00,417.1,418.7,416.5,416.6,643.6988
2024-06-06 12:00:00,416.8,417.0,411.0,412.2,1338.3287
2024-06-06 12:15:00,412.1,412.3,409.6,410.4,658.3029
2024-06-06 12:30:00,410.4,411.7,409.9,411.3,256.5299
2024-06-06 12:45:00,411.5,411.6,409.2,409.8,286.1763
2024-06-06 13:00:00,409.8,410.5,409.3,410.4,177.4735
2024-06-06 13:15:00,410.5,410.5,407.7,407.8,387.9315
2024-06-06 13:30:00,407.8,407.8,402.8,403.8,1440.5424
2024-06-06 13:45:00,403.8,405.2,403.2,404.7,1212.8674
2024-06-06 14:00:00,404.6,407.0,403.2,406.8,687.2242
2024-06-06 14:15:00,406.9,408.4,405.7,406.2,676.1779
2024-06-06 14:30:00,406.2,407.7,404.9,407.4,470.1137
2024-06-06 14:45:00,407.3,409.1,406.6,408.8,447.6586
2024-06-06 15:00:00,408.8,409.4,407.7,407.9,407.7302
2024-06-06 15:15:00,407.8,412.5,407.6,411.9,306.2161
2024-06-06 15:30:00,412.1,413.4,410.7,413.2,414.8649
2024-06-06 15:45:00,413.1,415.0,411.6,413.4,1039.1833
2024-06-06 16:00:00,413.2,415.3,413.0,414.9,492.7262
2024-06-06 16:15:00,414.8,415.7,413.9,415.4,504.802
2024-06-06 16:30:00,415.3,415.7,413.3,414.0,508.7917
2024-06-06 16:45:00,414.0,424.8,410.8,422.4,5712.9933
2024-06-06 17:00:00,422.3,425.9,418.1,418.4,1797.8264
2024-06-06 17:15:00,418.5,419.8,416.5,416.9,927.0194
2024-06-06 17:30:00,417.0,417.0,415.1,415.9,511.5404
2024-06-06 17:45:00,415.9,418.5,415.1,417.5,435.597
2024-06-06 18:00:00,417.6,418.0,415.0,415.3,446.8884
2024-06-06 18:15:00,415.4,416.1,415.0,415.7,297.8874
2024-06-06 18:30:00,415.7,417.4,414.8,415.9,436.2222
2024-06-06 18:45:00,415.5,425.0,415.2,419.0,1947.0498
2024-06-06 19:00:00,419.0,421.0,418.5,420.3,535.6023
2024-06-06 19:15:00,420.2,420.6,418.3,418.8,822.333
2024-06-06 19:30:00,418.8,419.7,414.5,415.9,765.484
2024-06-06 19:45:00,415.7,416.2,410.0,415.5,868.2628
2024-06-06 20:00:00,415.5,416.1,413.9,415.6,455.4475
2024-06-06 20:15:00,415.8,416.0,414.0,415.9,213.3357
2024-06-06 20:30:00,415.7,420.9,415.4,420.8,485.7441
2024-06-06 20:45:00,420.9,420.9,419.0,419.6,309.1395
2024-06-06 21:00:00,419.8,422.9,419.7,422.5,273.2624
2024-06-06 21:15:00,422.4,425.0,421.6,424.8,629.9689
2024-06-06 21:30:00,424.7,427.0,424.3,427.0,449.4139
2024-06-06 21:45:00,426.8,430.0,426.4,429.5,881.0212
2024-06-06 22:00:00,429.5,430.7,425.8,430.2,1116.4049
2024-06-06 22:15:00,430.2,433.0,428.9,430.1,1083.1647
2024-06-06 22:30:00,430.1,433.5,429.2,432.3,636.573
2024-06-06 22:45:00,432.3,433.0,426.9,427.4,1209.4453
2024-06-06 23:00:00,427.4,430.4,427.3,429.3,567.0401
2024-06-06 23:15:00,429.8,434.5,429.8,434.5,499.9523
2024-06-06 23:30:00,434.5,434.5,430.5,431.0,746.0566
2024-06-06 23:45:00,431.0,433.9,430.8,432.0,678.0279
2024-06-07 00:00:00,432.0,432.0,427.1,428.0,920.6729
2024-06-07 00:15:00,428.1,430.2,426.8,430.1,413.7194
2024-06-07 00:30:00,430.0,430.0,427.9,428.1,248.6187
2024-06-07 00:45:00,428.1,430.0,427.4,429.7,395.6364
2024-06-07 01:00:00,429.5,431.0,429.2,429.5,385.1989
2024-06-07 01:15:00,429.7,430.1,427.8,430.1,163.1361
2024-06-07 01:30:00,430.2,430.9,427.9,429.5,232.2873
2024-06-07 01:45:00,429.4,431.1,429.0,430.0,351.4505
2024-06-07 02:00:00,430.0,431.5,426.6,427.2,748.3132
2024-06-07 02:15:00,427.1,427.8,425.3,425.5,364.9077
2024-06-07 02:30:00,425.5,425.5,419.8,420.9,896.953
2024-06-07 02:45:00,420.9,422.3,417.7,418.1,830.9094
2024-06-07 03:00:00,417.9,418.1,412.8,417.8,914.1705
2024-06-07 03:15:00,417.8,421.4,417.8,418.7,539.922
2024-06-07 03:30:00,418.9,422.1,418.7,419.9,211.5049
2024-06-07 03:45:00,420.1,424.0,420.1,423.3,215.1717
2024-06-07 04:00:00,423.5,425.5,422.2,425.1,275.9849
2024-06-07 04:15:00,425.1,426.8,423.9,424.0,213.5763
2024-06-07 04:30:00,423.8,426.9,423.5,425.0,131.0597
2024-06-07 04:45:00,424.9,426.9,424.7,426.2,111.5024
2024-06-07 05:00:00,426.1,427.2,424.8,426.5,77.0818
2024-06-07 05:15:00,426.3,426.3,423.9,424.8,71.6291
2024-06-07 05:30:00,425.1,426.1,424.5,425.0,62.9358
2024-06-07 05:45:00,424.7,426.3,424.0,425.4,117.3069
2024-06-07 06:00:00,425.5,425.9,424.4,425.2,75.0447
2024-06-07 06:15:00,425.4,426.1,424.9,425.1,119.3104
2024-06-07 06:30:00,425.1,425.3,423.0,423.5,195.1951
2024-06-07 06:45:00,423.6,423.9,422.7,423.9,126.1618
2024-06-07 07:00:00,423.5,424.5,422.0,423.2,281.2175
2024-06-07 07:15:00,423.4,426.8,423.1,425.8,138.7702
2024-06-07 07:30:00,425.8,427.3,425.4,425.9,69.2637
2024-06-07 07:45:00,425.8,428.1,425.8,428.1,183.4572
2024-06-07 08:00:00,428.0,428.9,426.4,427.6,240.5612
2024-06-07 08:15:00,427.5,427.6,424.6,425.4,101.6273
2024-06-07 08:30:00,425.4,425.4,423.1,424.8,116.2133
2024-06-07 08:45:00,424.9,426.9,424.6,424.6,173.1848
2024-06-07 09:00:00,424.5,426.1,423.6,425.7,171.5241
2024-06-07 09:15:00,425.5,427.5,425.5,426.5,465.1357
2024-06-07 09:30:00,426.5,426.5,420.1,420.6,471.492
2024-06-07 09:45:00,420.6,421.2,419.7,420.8,521.1851
2024-06-07 10:00:00,420.8,421.2,415.9,417.4,737.0309
2024-06-07 10:15:00,417.5,418.1,415.6,416.7,620.9215
2024-06-07 10:30:00,416.7,418.9,415.2,418.4,543.7802
2024-06-07 10:45:00,418.4,419.7,417.9,419.4,375.1455
2024-06-07 11:00:00,419.4,421.9,418.0,421.2,877.9762
2024-06-07 11:15:00,421.2,421.4,420.4,420.8,165.4635
2024-06-07 11:30:00,420.8,424.6,420.6,421.3,698.8448
2024-06-07 11:45:00,421.2,424.2,420.7,423.8,364.5354
2024-06-07 12:00:00,423.8,426.8,422.8,424.6,832.7534
2024-06-07 12:15:00,424.5,425.4,423.8,424.7,328.8981
2024-06-07 12:30:00,424.7,424.8,421.0,424.6,429.8123
2024-06-07 12:45:00,424.5,424.6,422.8,423.2,188.6414
2024-06-07 13:00:00,423.2,424.6,422.7,423.9,96.9543
2024-06-07 13:15:00,423.9,424.1,421.7,422.6,221.1261
2024-06-07 13:30:00,422.5,423.9,421.3,422.7,173.711
2024-06-07 13:45:00,422.7,425.4,422.6,425.0,167.0511
2024-06-07 14:00:00,425.0,430.6,425.0,429.6,1498.9918
2024-06-07 14:15:00,429.5,431.4,426.9,427.3,1019.285
2024-06-07 14:30:00,427.3,428.1,426.5,427.8,257.3967
2024-06-07 14:45:00,427.8,428.5,425.2,427.8,389.8125
2024-06-07 15:00:00,427.8,429.9,427.0,429.8,680.7393
2024-06-07 15:15:00,429.8,431.2,428.5,431.1,465.2107
2024-06-07 15:30:00,431.0,432.5,430.0,431.6,592.9308
2024-06-07 15:45:00,431.6,432.6,429.9,430.4,524.0102
2024-06-07 16:00:00,430.4,431.3,428.1,429.6,752.2481
2024-06-07 16:15:00,429.1,430.6,428.9,430.3,171.2531
2024-06-07 16:30:00,430.4,430.5,426.1,426.7,479.7091
2024-06-07 16:45:00,426.7,427.2,425.2,425.6,586.9851
2024-06-07 17:00:00,425.5,426.5,423.9,424.6,665.9508
2024-06-07 17:15:00,424.8,425.3,420.4,422.2,908.7543
2024-06-07 17:30:00,422.1,423.1,421.1,422.8,605.1905
2024-06-07 17:45:00,422.7,424.9,422.6,423.5,673.2349
2024-06-07 18:00:00,423.5,425.9,423.4,424.6,218.7452
2024-06-07 18:15:00,424.7,429.7,424.1,428.3,576.7319
2024-06-07 18:30:00,428.4,429.3,425.6,427.7,734.6624
2024-06-07 18:45:00,427.7,431.0,427.7,430.0,410.8354
2024-06-07 19:00:00,430.2,430.4,427.7,428.3,516.3292
2024-06-07 19:15:00,428.2,429.4,425.6,428.5,678.7864
2024-06-07 19:30:00,428.7,428.9,415.6,422.1,3731.1057
2024-06-07 19:45:00,422.1,423.9,419.4,423.1,1060.0146
2024-06-07 20:00:00,423.2,426.8,421.0,426.4,717.3114
2024-06-07 20:15:00,426.3,429.8,425.3,428.3,946.8776
2024-06-07 20:30:00,428.1,429.0,425.5,428.2,1057.8113
2024-06-07 20:45:00,428.2,432.8,427.7,432.3,2070.6679
2024-06-07 21:00:00,432.2,433.5,430.6,431.7,1312.4145
2024-06-07 21:15:00,431.7,434.3,429.4,433.6,1297.8806
2024-06-07 21:30:00,433.5,434.6,431.3,432.6,837.7244
2024-06-07 21:45:00,432.5,434.7,431.7,434.6,745.6645
2024-06-07 22:00:00,434.5,435.4,432.5,433.9,1309.1706
2024-06-07 22:15:00,433.8,434.3,428.4,429.1,1341.9446
2024-06-07 22:30:00,429.0,430.9,420.1,423.5,1616.5101
2024-06-07 22:45:00,423.4,425.6,422.5,424.8,716.2824
2024-06-07 23:00:00,424.9,424.9,421.6,421.6,640.5429
2024-06-07 23:15:00,421.6,422.8,418.2,420.1,1934.9838
2024-06-07 23:30:00,420.1,420.8,417.6,418.6,898.8153
2024-06-07 23:45:00,418.6,418.6,414.5,415.2,1625.8796
2024-06-08 00:00:00,415.2,415.2,408.1,409.1,2152.0779
2024-06-08 00:15:00,409.1,410.6,406.8,410.6,1301.029
2024-06-08 00:30:00,410.6,410.6,405.5,406.6,1481.8117
2024-06-08 00:45:00,406.5,407.0,400.5,400.7,1446.9211
2024-06-08 01:00:00,400.7,401.7,320.0,336.7,21885.6512
2024-06-08 01:15:00,340.2,379.6,335.3,378.5,13240.0525
2024-06-08 01:30:00,378.4,385.9,377.2,382.6,6327.0491
2024-06-08 01:45:00,382.7,390.8,381.1,386.8,3775.5473
2024-06-08 02:00:00,386.9,387.7,378.8,384.6,6191.9688
2024-06-08 02:15:00,384.8,397.7,384.1,397.4,3035.4769
2024-06-08 02:30:00,397.5,397.5,392.2,396.1,1373.9557
2024-06-08 02:45:00,396.2,396.2,390.0,391.0,1096.6115
2024-06-08 03:00:00,390.8,390.9,387.6,389.7,1280.7667
2024-06-08 03:15:00,389.8,393.3,388.0,388.3,801.404
2024-06-08 03:30:00,388.4,393.3,387.3,393.1,665.1259
2024-06-08 03:45:00,392.9,398.7,392.2,394.0,1562.3059
2024-06-08 04:00:00,394.0,394.4,389.8,391.5,1264.4233
2024-06-08 04:15:00,391.3,391.3,386.9,391.1,1199.9713
2024-06-08 04:30:00,391.2,391.9,389.1,390.6,426.3049
2024-06-08 04:45:00,390.6,390.7,386.7,388.2,854.4193
2024-06-08 05:00:00,388.2,391.3,387.9,390.6,456.0622
2024-06-08 05:15:00,390.6,391.6,389.4,389.8,393.0058
2024-06-08 05:30:00,389.8,390.7,388.5,388.7,319.9356
2024-06-08 05:45:00,388.9,390.6,388.5,388.9,587.7864
2024-06-08 06:00:00,388.9,391.1,388.4,389.6,463.8096
2024-06-08 06:15:00,389.6,395.0,389.0,391.2,913.661
2024-06-08 06:30:00,391.3,393.6,391.1,393.1,278.9614
2024-06-08 06:45:00,393.0,393.7,391.4,392.4,269.8462
2024-06-08 07:00:00,392.3,393.8,388.0,393.1,1026.8852
2024-06-08 07:15:00,393.0,396.4,392.8,394.2,419.2917
2024-06-08 07:30:00,394.2,394.5,391.3,394.2,257.6495
2024-06-08 07:45:00,394.2,396.9,393.6,396.6,450.2955
2024-06-08 08:00:00,396.7,397.3,395.9,397.0,248.6336
2024-06-08 08:15:00,397.0,398.9,393.7,397.9,948.8945
2024-06-08 08:30:00,397.9,399.1,395.7,396.5,393.5926
2024-06-08 08:45:00,396.2,399.3,395.9,397.3,321.9912
2024-06-08 09:00:00,397.3,398.9,396.5,397.5,334.4461
2024-06-08 09:15:00,397.6,397.6,393.0,394.5,351.3387
2024-06-08 09:30:00,394.7,397.4,394.6,395.1,279.3481
2024-06-08 09:45:00,394.9,395.5,394.0,395.0,286.126
2024-06-08 10:00:00,394.9,394.9,392.9,394.3,237.3154
2024-06-08 10:15:00,394.5,395.1,393.1,394.4,334.8534
2024-06-08 10:30:00,394.5,395.3,391.9,392.0,278.1582
2024-06-08 10:45:00,391.9,393.3,391.0,392.4,297.1322
2024-06-08 11:00:00,392.4,393.2,391.4,392.0,260.641
2024-06-08 11:15:00,391.8,392.7,390.3,391.2,182.7098
2024-06-08 11:30:00,391.2,391.4,389.5,390.0,264.2911
2024-06-08 11:45:00,390.0,390.5,387.7,390.1,483.2263
2024-06-08 12:00:00,390.1,391.2,389.0,390.0,327.3441
2024-06-08 12:15:00,390.0,391.7,390.0,391.2,189.3747
2024-06-08 12:30:00,391.4,392.2,388.9,389.0,204.5214
2024-06-08 12:45:00,389.0,390.9,388.9,389.2,429.5914
2024-06-08 13:00:00,389.2,390.3,387.3,389.0,191.3247
2024-06-08 13:15:00,389.0,389.5,386.9,389.4,293.8891
2024-06-08 13:30:00,389.3,390.5,388.8,390.3,270.9412
2024-06-08 13:45:00,390.1,391.3,388.5,388.5,434.517
2024-06-08 14:00:00,388.5,390.2,387.0,388.8,607.3156
2024-06-08 14:15:00,388.9,389.5,387.3,388.1,237.0451
2024-06-08 14:30:00,388.0,388.0,386.2,386.5,760.506
2024-06-08 14:45:00,386.4,387.8,386.1,387.8,352.7183
2024-06-08 15:00:00,387.7,387.7,385.0,386.7,467.2071
2024-06-08 15:15:00,386.6,387.5,385.7,386.8,243.5631
2024-06-08 15:30:00,386.8,387.5,384.5,384.6,264.6288
2024-06-08 15:45:00,384.4,386.3,384.3,384.9,324.8362
2024-06-08 16:00:00,384.9,385.1,382.3,384.8,755.1232
2024-06-08 16:15:00,384.8,387.7,384.2,387.0,525.0601
2024-06-08 16:30:00,387.2,391.9,386.8,390.8,938.7406
2024-06-08 16:45:00,390.8,394.5,390.0,390.5,946.9123
2024-06-08 17:00:00,390.6,392.8,389.5,390.8,370.9496
2024-06-08 17:15:00,390.8,391.1,385.3,385.6,503.354
2024-06-08 17:30:00,385.7,387.9,385.7,386.7,282.4867
2024-06-08 17:45:00,386.7,388.5,386.6,387.3,232.5056
2024-06-08 18:00:00,387.3,388.4,384.9,385.5,332.8425
2024-06-08 18:15:00,385.6,386.6,383.8,384.5,511.5823
2024-06-08 18:30:00,384.4,385.0,380.0,380.3,973.9989
2024-06-08 18:45:00,380.2,381.4,375.5,377.9,1957.2541
2024-06-08 19:00:00,377.8,379.6,373.9,379.6,1901.234
2024-06-08 19:15:00,379.7,380.5,374.8,375.3,606.0838
2024-06-08 19:30:00,375.1,376.8,372.3,373.6,949.2731
2024-06-08 19:45:00,373.6,376.1,372.9,374.2,661.4708
2024-06-08 20:00:00,374.3,374.8,368.2,368.7,856.2723
2024-06-08 20:15:00,368.8,369.8,362.9,363.6,2094.4321
2024-06-08 20:30:00,363.7,371.3,362.1,370.8,1573.5608
2024-06-08 20:45:00,370.8,374.4,370.4,373.2,786.8432
2024-06-08 21:00:00,373.2,373.2,369.4,370.1,483.9519
2024-06-08 21:15:00,370.1,370.1,365.3,365.8,449.2957
2024-06-08 21:30:00,365.7,372.1,365.7,372.1,636.3022
2024-06-08 21:45:00,372.0,374.1,371.4,372.8,524.909
2024-06-08 22:00:00,372.7,375.1,371.3,374.9,460.0323
2024-06-08 22:15:00,374.8,375.8,372.8,375.5,557.563
2024-06-08 22:30:00,375.7,376.0,371.8,372.1,492.5731
2024-06-08 22:45:00,372.2,372.9,369.6,370.0,856.8239
2024-06-08 23:00:00,369.8,372.9,369.2,370.5,501.5562
2024-06-08 23:15:00,370.6,370.6,366.4,368.3,796.7195
2024-06-08 23:30:00,368.4,370.3,367.4,369.4,487.8596
2024-06-08 23:45:00,369.3,369.5,366.8,368.1,367.0374
2024-06-09 00:00:00,368.1,370.9,366.0,370.5,403.0232
2024-06-09 00:15:00,370.5,371.7,365.3,365.9,390.5706
2024-06-09 00:30:00,366.2,368.9,363.1,368.1,749.4947
2024-06-09 00:45:00,368.2,369.0,366.9,368.6,212.9152
2024-06-09 01:00:00,368.5,372.3,368.1,372.3,336.5397
2024-06-09 01:15:00,372.4,374.4,371.4,373.3,466.0507
2024-06-09 01:30:00,373.3,373.8,369.1,369.9,472.2564
2024-06-09 01:45:00,369.9,371.6,368.3,369.2,842.6164
2024-06-09 02:00:00,369.3,370.9,369.1,369.1,161.8752
2024-06-09 02:15:00,369.1,370.2,369.0,370.1,195.8956
2024-06-09 02:30:00,369.9,370.8,368.1,369.1,386.9416
2024-06-09 02:45:00,369.0,369.9,366.3,367.4,434.2264
2024-06-09 03:00:00,367.5,368.3,366.7,367.3,274.1796
2024-06-09 03:15:00,367.3,368.6,366.4,367.5,280.5033
2024-06-09 03:30:00,367.5,368.1,366.0,367.6,161.5674
2024-06-09 03:45:00,367.7,367.7,366.2,367.0,162.5782
2024-06-09 04:00:00,367.1,367.8,366.0,367.2,134.351
2024-06-09 04:15:00,367.1,368.6,365.5,365.9,528.1975
2024-06-09 04:30:00,365.9,366.6,361.0,363.6,877.729
2024-06-09 04:45:00,363.6,365.4,363.5,364.8,129.2386
2024-06-09 05:00:00,364.8,366.3,364.2,365.3,296.2106
2024-06-09 05:15:00,365.3,365.3,358.1,358.8,943.2727
2024-06-09 05:30:00,358.7,361.7,358.7,360.4,274.0783
2024-06-09 05:45:00,360.4,361.6,360.2,361.6,284.437
2024-06-09 06:00:00,361.5,363.0,361.1,362.4,221.9023
2024-06-09 06:15:00,362.3,362.3,360.5,362.0,124.3581
2024-06-09 06:30:00,361.9,363.6,361.5,362.7,240.2008
2024-06-09 06:45:00,362.7,362.7,361.1,361.6,217.7313
2024-06-09 07:00:00,361.4,363.4,361.1,363.3,331.652
2024-06-09 07:15:00,363.2,364.6,362.7,363.9,208.1852
2024-06-09 07:30:00,363.9,364.4,362.2,363.5,97.8578
2024-06-09 07:45:00,363.3,363.3,361.5,361.6,346.5393
2024-06-09 08:00:00,361.5,363.3,360.8,361.4,337.3244
2024-06-09 08:15:00,361.1,362.5,360.6,362.4,248.7504
2024-06-09 08:30:00,362.4,365.6,362.1,364.6,315.5394
2024-06-09 08:45:00,364.6,365.0,363.1,364.2,208.3004
2024-06-09 09:00:00,364.1,364.2,361.6,361.6,121.9932
2024-06-09 09:15:00,361.5,361.6,356.9,358.9,579.8275
2024-06-09 09:30:00,359.1,359.4,356.3,358.2,392.3646
2024-06-09 09:45:00,358.2,359.9,357.2,357.5,275.0641
2024-06-09 10:00:00,357.5,358.4,357.0,357.7,133.5823
2024-06-09 10:15:00,357.3,359.0,356.8,358.1,133.3781
2024-06-09 10:30:00,358.2,360.7,357.3,359.5,344.1371
2024-06-09 10:45:00,359.6,361.0,359.6,361.0,276.0866
2024-06-09 11:00:00,361.0,362.8,361.0,362.8,179.8314
2024-06-09 11:15:00,362.5,364.1,362.5,362.9,143.5494
2024-06-09 11:30:00,363.0,363.7,362.6,363.1,94.0298
2024-06-09 11:45:00,363.1,363.2,360.3,360.6,127.1885
2024-06-09 12:00:00,360.6,360.7,358.5,360.5,588.9712
2024-06-09 12:15:00,360.5,364.4,360.4,363.1,228.8198
2024-06-09 12:30:00,363.0,363.9,362.4,363.7,190.9706
2024-06-09 12:45:00,363.8,364.8,363.1,364.1,166.3534
2024-06-09 13:00:00,364.0,366.5,363.9,365.9,268.3063
2024-06-09 13:15:00,366.0,366.1,365.3,365.9,48.0279
2024-06-09 13:30:00,365.9,366.1,364.3,366.0,291.9672
2024-06-09 13:45:00,365.7,367.6,365.5,367.4,282.2476
2024-06-09 14:00:00,367.4,367.8,365.7,365.7,417.5374
2024-06-09 14:15:00,366.0,367.2,365.8,366.1,119.3458
2024-06-09 14:30:00,366.1,366.6,364.5,364.6,369.399
2024-06-09 14:45:00,364.7,365.1,362.7,363.1,493.5783
2024-06-09 15:00:00,363.1,364.8,360.8,362.7,1404.5545
2024-06-09 15:15:00,362.8,362.8,361.3,361.6,211.4405
2024-06-09 15:30:00,361.6,362.3,361.2,362.2,135.7445
2024-06-09 15:45:00,362.2,363.9,362.2,362.7,185.6923
2024-06-09 16:00:00,362.9,363.1,361.8,362.7,121.0073
2024-06-09 16:15:00,362.7,362.9,360.9,360.9,130.1377
2024-06-09 16:30:00,360.9,361.9,360.6,361.1,295.5181
2024-06-09 16:45:00,361.1,363.5,361.1,362.6,327.9566
2024-06-09 17:00:00,362.4,363.8,362.0,363.3,382.903
2024-06-09 17:15:00,363.4,363.6,362.4,362.5,96.5302
2024-06-09 17:30:00,362.4,363.0,359.0,359.8,1176.4261
2024-06-09 17:45:00,360.0,360.2,357.8,358.1,801.9488
2024-06-09 18:00:00,358.1,360.0,357.9,359.7,518.1873
2024-06-09 18:15:00,359.6,360.5,358.8,359.0,434.0464
2024-06-09 18:30:00,359.0,359.2,353.4,356.6,2530.8123
2024-06-09 18:45:00,356.7,357.6,355.7,357.4,378.0904
2024-06-09 19:00:00,357.2,357.6,355.4,356.3,322.2081
2024-06-09 19:15:00,356.3,357.0,356.0,356.3,137.426
2024-06-09 19:30:00,356.3,358.2,354.8,357.8,1091.8465
2024-06-09 19:45:00,357.8,359.6,353.6,356.7,2511.2615
2024-06-09 20:00:00,356.6,359.0,355.2,357.9,962.3394
2024-06-09 20:15:00,357.9,357.9,353.1,355.3,709.5067
2024-06-09 20:30:00,355.2,355.2,352.5,354.0,689.517
2024-06-09 20:45:00,353.9,356.5,353.5,355.5,362.1528
2024-06-09 21:00:00,355.7,358.6,355.3,357.2,451.7383
2024-06-09 21:15:00,357.3,359.4,356.0,356.5,477.8658
2024-06-09 21:30:00,356.4,359.3,356.1,359.3,488.1596
2024-06-09 21:45:00,359.2,361.0,358.6,361.0,482.8923
2024-06-09 22:00:00,360.9,363.2,360.8,362.6,396.2162
2024-06-09 22:15:00,362.5,363.4,360.0,361.1,313.045
2024-06-09 22:30:00,360.9,362.2,360.6,360.6,404.722
2024-06-09 22:45:00,360.6,361.4,359.1,360.3,397.8442
2024-06-09 23:00:00,360.3,363.2,359.3,363.1,545.6596
2024-06-09 23:15:00,363.1,365.5,361.9,363.9,455.8128
2024-06-09 23:30:00,363.9,365.0,363.7,364.2,190.64
2024-06-09 23:45:00,364.2,366.6,364.2,366.5,270.5045
2024-06-10 00:00:00,366.4,367.0,364.9,365.4,403.2652
2024-06-10 00:15:00,365.5,365.5,363.7,364.3,195.4982
2024-06-10 00:30:00,364.3,365.4,364.2,365.0,149.616
2024-06-10 00:45:00,365.0,366.6,365.0,366.0,104.9738
2024-06-10 01:00:00,366.0,366.8,364.9,366.7,296.5421
2024-06-10 01:15:00,366.5,368.2,366.4,367.2,360.8058
2024-06-10 01:30:00,367.3,367.9,365.3,365.8,326.8966
2024-06-10 01:45:00,365.8,367.8,365.0,366.8,343.6449
2024-06-10 02:00:00,366.7,367.6,366.4,366.9,276.8119
2024-06-10 02:15:00,366.8,367.1,366.3,367.0,206.9943
2024-06-10 02:30:00,367.0,367.0,365.4,365.8,379.3394
2024-06-10 02:45:00,365.8,365.9,364.6,364.9,184.4806
2024-06-10 03:00:00,365.0,365.2,363.7,364.1,323.2732
2024-06-10 03:15:00,364.2,364.4,363.0,363.1,162.7453
2024-06-10 03:30:00,363.1,363.9,362.1,362.6,188.9875
2024-06-10 03:45:00,362.7,364.1,362.3,364.0,191.0981
2024-06-10 04:00:00,363.9,365.3,363.9,365.2,140.1733
2024-06-10 04:15:00,365.2,365.5,364.3,365.0,123.7492
2024-06-10 04:30:00,365.0,365.7,364.1,364.6,108.5102
2024-06-10 04:45:00,364.7,366.0,364.3,365.3,214.2508
2024-06-10 05:00:00,365.3,365.4,364.0,364.1,179.8759
2024-06-10 05:15:00,364.1,364.9,363.7,364.3,114.8156
2024-06-10 05:30:00,364.5,364.8,363.4,364.4,224.5748
2024-06-10 05:45:00,364.4,364.8,361.4,361.4,817.0844
2024-06-10 06:00:00,361.4,362.7,361.1,361.3,168.6193
2024-06-10 06:15:00,361.3,361.6,360.0,360.6,455.4898
2024-06-10 06:30:00,360.7,361.2,360.2,361.0,52.6183
2024-06-10 06:45:00,360.9,362.3,360.7,362.0,80.2165
2024-06-10 07:00:00,362.0,362.3,360.7,361.7,351.3624
2024-06-10 07:15:00,361.7,361.7,358.8,360.0,709.9898
2024-06-10 07:30:00,359.8,362.3,359.7,361.1,247.7837
2024-06-10 07:45:00,361.0,361.2,359.6,361.2,322.4221
2024-06-10 08:00:00,360.9,361.6,358.6,359.7,238.7573
2024-06-10 08:15:00,359.5,362.6,359.5,361.5,325.4822
2024-06-10 08:30:00,361.4,361.6,360.8,361.3,153.1906
2024-06-10 08:45:00,361.2,361.5,360.3,361.1,189.3937
2024-06-10 09:00:00,361.0,362.7,360.7,361.8,317.105
2024-06-10 09:15:00,361.9,363.4,361.8,362.5,132.1616
2024-06-10 09:30:00,362.3,363.8,361.9,363.5,163.1721
2024-06-10 09:45:00,363.3,363.4,362.3,363.3,200.6299
2024-06-10 10:00:00,363.2,364.9,362.6,364.8,120.6144
2024-06-10 10:15:00,364.7,366.4,363.9,366.4,405.3816
2024-06-10 10:30:00,366.3,367.5,365.5,366.0,439.5775
2024-06-10 10:45:00,366.0,366.2,363.0,364.4,472.7023
2024-06-10 11:00:00,364.5,364.5,359.2,359.5,711.7546
2024-06-10 11:15:00,359.6,359.7,356.8,358.4,619.1949
2024-06-10 11:30:00,358.4,359.6,357.2,358.0,309.3903
2024-06-10 11:45:00,357.9,358.5,356.3,356.7,286.4206
2024-06-10 12:00:00,356.8,357.4,355.5,355.8,592.4713
2024-06-10 12:15:00,355.9,356.1,353.8,354.9,626.6296
2024-06-10 12:30:00,355.0,357.1,355.0,356.5,339.4734
2024-06-10 12:45:00,356.4,356.7,354.6,356.1,508.5309
2024-06-10 13:00:00,356.2,356.2,353.9,354.9,482.2256
2024-06-10 13:15:00,355.1,359.4,354.8,354.8,1622.7043
2024-06-10 13:30:00,355.4,355.8,353.1,353.9,499.6439
2024-06-10 13:45:00,353.8,353.8,350.0,350.8,1027.8748
2024-06-10 14:00:00,350.9,351.2,346.5,348.6,2019.6596
2024-06-10 14:15:00,348.6,351.6,347.2,347.2,1054.2885
2024-06-10 14:30:00,347.1,347.4,342.0,342.3,1877.1289
2024-06-10 14:45:00,342.3,342.3,337.0,339.1,2892.1722
2024-06-10 15:00:00,339.2,343.4,338.6,340.9,2101.0824
2024-06-10 15:15:00,340.9,346.9,340.1,345.6,1635.6742
2024-06-10 15:30:00,345.5,349.2,345.3,347.6,789.3906
2024-06-10 15:45:00,347.5,348.1,345.4,347.7,391.1833
2024-06-10 16:00:00,347.7,349.9,347.5,349.6,570.4638
2024-06-10 16:15:00,349.5,350.2,347.7,348.1,721.8515
2024-06-10 16:30:00,348.1,351.9,346.5,351.4,821.8839
2024-06-10 16:45:00,351.5,353.3,350.1,351.3,1072.2917
2024-06-10 17:00:00,351.4,353.3,349.6,352.5,606.6635
2024-06-10 17:15:00,352.5,353.7,350.4,350.4,387.6172
2024-06-10 17:30:00,350.5,352.0,350.1,350.5,314.8039
2024-06-10 17:45:00,350.6,351.5,350.4,350.6,272.0439
2024-06-10 18:00:00,350.6,351.2,350.0,350.2,375.9852
2024-06-10 18:15:00,350.0,350.0,348.0,349.3,780.8568
2024-06-10 18:30:00,349.3,350.5,347.5,350.3,699.5999
2024-06-10 18:45:00,350.2,350.3,347.4,348.0,594.6206
2024-06-10 19:00:00,348.0,349.0,345.9,346.1,414.3001
2024-06-10 19:15:00,346.0,348.7,345.6,348.2,533.4083
2024-06-10 19:30:00,348.3,348.3,345.9,346.4,377.7212
2024-06-10 19:45:00,346.5,347.5,345.7,346.5,410.1807
2024-06-10 20:00:00,346.5,347.3,344.2,345.2,661.4886
2024-06-10 20:15:00,345.2,346.2,344.2,344.9,463.7151
2024-06-10 20:30:00,344.7,346.4,342.4,345.3,1483.4512
2024-06-10 20:45:00,345.3,345.8,341.3,344.9,775.5971
2024-06-10 21:00:00,345.0,345.4,342.3,343.6,700.4454
2024-06-10 21:15:00,343.5,345.4,342.7,345.2,801.5292
2024-06-10 21:30:00,345.2,350.2,344.8,348.0,1362.1859
2024-06-10 21:45:00,348.1,349.6,347.4,349.6,527.1314
2024-06-10 22:00:00,349.5,352.5,349.2,351.1,819.1573
2024-06-10 22:15:00,351.1,355.3,351.1,352.2,1686.7785
2024-06-10 22:30:00,352.1,356.8,350.6,356.8,1428.5318
2024-06-10 22:45:00,356.7,360.0,355.2,355.4,1497.3126
2024-06-10 23:00:00,355.6,357.0,351.9,352.6,906.5929
2024-06-10 23:15:00,352.8,355.9,350.9,352.1,934.0108
2024-06-10 23:30:00,352.3,354.6,351.1,354.1,456.6153
2024-06-10 23:45:00,354.1,355.6,353.3,354.5,419.4508
2024-06-11 00:00:00,354.6,354.8,351.4,352.5,1084.2831
2024-06-11 00:15:00,352.6,353.0,351.3,351.8,380.3555
2024-06-11 00:30:00,351.9,352.3,350.3,350.6,296.0651
2024-06-11 00:45:00,350.6,352.5,350.0,351.1,449.7451
2024-06-11 01:00:00,351.1,351.7,348.4,351.6,527.1296
2024-06-11 01:15:00,351.5,352.2,348.6,349.1,389.4317
2024-06-11 01:30:00,349.1,349.7,347.0,348.9,407.3331
2024-06-11 01:45:00,349.0,349.5,348.0,348.3,228.8618
2024-06-11 02:00:00,348.2,348.6,344.4,346.2,733.0478
2024-06-11 02:15:00,346.3,347.6,344.3,347.6,459.9975
2024-06-11 02:30:00,347.5,348.8,346.5,348.2,413.2868
2024-06-11 02:45:00,348.0,349.4,345.4,346.5,695.5376
2024-06-11 03:00:00,346.4,346.4,341.5,342.5,1128.2145
2024-06-11 03:15:00,342.4,343.9,341.0,343.6,675.8295
2024-06-11 03:30:00,343.7,346.1,342.6,343.6,1062.7205
2024-06-11 03:45:00,343.5,344.6,341.8,342.5,984.6178
2024-06-11 04:00:00,342.5,343.8,342.0,342.7,302.6885
2024-06-11 04:15:00,342.9,343.1,340.1,340.9,488.0566
2024-06-11 04:30:00,340.9,342.6,340.7,342.6,388.6483
2024-06-11 04:45:00,342.5,343.5,342.4,343.3,100.2799
2024-06-11 05:00:00,343.3,343.3,340.8,342.1,383.9583
2024-06-11 05:15:00,342.2,343.5,341.3,343.3,209.2912
2024-06-11 05:30:00,343.4,343.5,341.8,342.6,119.5347
2024-06-11 05:45:00,342.5,343.6,342.5,343.4,187.1908
2024-06-11 06:00:00,343.4,343.8,342.9,343.1,157.7286
2024-06-11 06:15:00,343.0,343.1,341.3,341.3,143.0325
2024-06-11 06:30:00,341.1,343.4,340.5,343.4,228.5658
2024-06-11 06:45:00,343.3,343.4,342.7,342.9,125.8683
2024-06-11 07:00:00,342.9,344.3,342.6,344.0,464.5903
2024-06-11 07:15:00,343.9,350.0,343.9,345.3,1426.6506
2024-06-11 07:30:00,345.2,345.6,342.8,343.7,496.397
2024-06-11 07:45:00,344.0,345.6,343.7,345.4,254.8836
2024-06-11 08:00:00,345.4,348.6,345.2,348.6,478.3003
2024-06-11 08:15:00,348.7,349.3,344.0,344.5,349.7765
2024-06-11 08:30:00,344.3,345.4,339.0,339.5,1413.8659
2024-06-11 08:45:00,339.4,340.1,331.8,334.6,4868.9356
2024-06-11 09:00:00,334.5,339.2,331.9,333.9,2620.6352
2024-06-11 09:15:00,333.8,337.7,330.0,337.4,1626.283
2024-06-11 09:30:00,337.4,340.1,335.5,338.6,1154.9357
2024-06-11 09:45:00,338.5,339.6,336.6,337.7,922.4272
2024-06-11 10:00:00,337.6,338.3,336.2,336.6,660.2655
2024-06-11 10:15:00,336.6,339.3,335.3,338.5,810.0964
2024-06-11 10:30:00,338.7,339.1,335.6,336.5,613.582
2024-06-11 10:45:00,336.6,337.5,335.7,337.5,559.6367
2024-06-11 11:00:00,337.3,338.5,334.4,336.2,1233.9151
2024-06-11 11:15:00,336.3,337.8,333.8,334.9,547.8714
2024-06-11 11:30:00,334.9,335.6,332.1,334.7,1015.0159
2024-06-11 11:45:00,334.8,335.3,332.9,332.9,661.4378
2024-06-11 12:00:00,332.9,334.5,330.7,331.1,655.5045
2024-06-11 12:15:00,331.0,331.8,330.2,331.8,838.7665
2024-06-11 12:30:00,331.8,334.4,331.3,332.1,619.5831
2024-06-11 12:45:00,332.2,333.9,331.4,333.8,427.2651
2024-06-11 13:00:00,333.7,334.8,332.9,334.4,267.8279
2024-06-11 13:15:00,334.3,334.9,332.0,332.1,591.0268
2024-06-11 13:30:00,332.0,332.4,330.3,331.2,767.1612
2024-06-11 13:45:00,331.1,331.5,328.0,330.7,1703.9467
2024-06-11 14:00:00,330.7,333.4,329.2,332.9,921.6977
2024-06-11 14:15:00,333.1,333.6,331.5,333.1,653.2697
2024-06-11 14:30:00,333.3,333.3,329.7,331.0,475.2133
2024-06-11 14:45:00,331.1,332.3,328.6,332.3,934.7989
2024-06-11 15:00:00,332.2,334.5,331.4,331.8,867.8388
2024-06-11 15:15:00,331.8,336.5,331.1,336.0,568.3046
2024-06-11 15:30:00,335.9,338.7,333.0,333.9,1187.7036
2024-06-11 15:45:00,333.8,333.8,330.4,331.0,629.262
2024-06-11 16:00:00,331.0,332.3,330.8,332.1,521.9177
2024-06-11 16:15:00,332.0,332.8,330.0,331.6,822.3107
2024-06-11 16:30:00,331.5,332.1,328.0,329.6,782.4864
2024-06-11 16:45:00,329.8,330.1,327.7,329.2,709.9161
2024-06-11 17:00:00,329.0,332.8,328.2,332.3,712.3284
2024-06-11 17:15:00,332.4,334.5,332.0,334.1,693.5318
2024-06-11 17:30:00,334.1,334.4,331.3,331.3,669.0532
2024-06-11 17:45:00,331.3,331.8,329.0,330.2,435.4213
2024-06-11 18:00:00,330.3,331.2,328.9,331.0,458.8172
2024-06-11 18:15:00,331.0,331.7,330.2,331.1,422.1566
2024-06-11 18:30:00,331.0,332.1,330.7,331.6,484.8075
2024-06-11 18:45:00,331.5,331.7,329.2,329.6,409.2314
2024-06-11 19:00:00,329.7,330.7,328.0,329.7,742.8551
2024-06-11 19:15:00,329.7,329.9,326.4,328.6,942.811
2024-06-11 19:30:00,328.5,330.3,327.2,330.3,645.4427
2024-06-11 19:45:00,330.3,331.9,325.0,331.0,1935.7262
2024-06-11 20:00:00,330.9,333.7,327.7,333.2,1111.7126
2024-06-11 20:15:00,333.3,334.8,330.8,332.1,706.1107
2024-06-11 20:30:00,332.0,333.2,327.0,328.0,1251.108
2024-06-11 20:45:00,328.0,328.8,323.0,324.6,2810.5247
2024-06-11 21:00:00,324.6,330.1,323.6,330.0,2489.7749
2024-06-11 21:15:00,329.9,329.9,326.1,326.1,928.5945
2024-06-11 21:30:00,326.3,327.2,325.0,326.9,793.1493
2024-06-11 21:45:00,326.9,327.8,325.2,326.6,754.7325
2024-06-11 22:00:00,326.9,329.7,324.7,328.6,2684.171
2024-06-11 22:15:00,328.6,330.8,327.0,327.8,643.6452
2024-06-11 22:30:00,327.7,327.7,321.0,321.4,2391.9774
2024-06-11 22:45:00,321.4,325.5,321.1,323.0,2112.1738
2024-06-11 23:00:00,323.1,328.5,322.7,326.6,1119.1658
2024-06-11 23:15:00,326.6,327.2,324.2,326.0,728.085
2024-06-11 23:30:00,326.0,326.8,324.0,324.4,676.7436
2024-06-11 23:45:00,324.3,324.9,321.2,322.5,1484.226
2024-06-12 00:00:00,322.6,323.3,320.1,320.6,863.3628
2024-06-12 00:15:00,320.6,321.2,313.7,315.3,3793.6081
2024-06-12 00:30:00,315.2,318.2,315.1,318.1,1108.707
2024-06-12 00:45:00,318.2,322.9,317.4,322.8,1549.1886
2024-06-12 01:00:00,322.8,324.4,320.1,321.4,656.4883
2024-06-12 01:15:00,321.4,325.0,321.1,324.1,754.1699
2024-06-12 01:30:00,324.1,326.1,323.7,324.8,841.3182
2024-06-12 01:45:00,324.7,325.1,322.6,323.4,1686.1839
2024-06-12 02:00:00,323.4,324.1,322.3,322.8,632.6451
2024-06-12 02:15:00,322.9,323.3,320.9,321.2,905.2095
2024-06-12 02:30:00,321.2,321.7,321.0,321.7,258.0185
2024-06-12 02:45:00,321.7,323.8,321.7,323.3,1008.8351
2024-06-12 03:00:00,323.3,323.9,323.1,323.6,2129.6725
2024-06-12 03:15:00,323.6,324.5,323.5,324.3,405.749
2024-06-12 03:30:00,324.3,324.3,323.1,323.1,408.0602
2024-06-12 03:45:00,323.1,324.6,323.1,324.6,343.8402
2024-06-12 04:00:00,324.5,325.2,324.1,324.5,310.053
2024-06-12 04:15:00,324.5,324.9,324.2,324.6,247.8172
2024-06-12 04:30:00,324.7,326.0,324.0,325.7,299.5548
2024-06-12 04:45:00,325.7,326.0,325.1,325.7,317.2224
2024-06-12 05:00:00,325.6,327.1,325.6,327.0,271.2555
2024-06-12 05:15:00,327.0,328.9,325.4,326.1,1056.934
2024-06-12 05:30:00,326.1,326.4,325.2,326.1,169.7891
2024-06-12 05:45:00,326.1,326.4,325.7,326.0,165.1334
2024-06-12 06:00:00,326.1,327.5,326.1,326.3,292.9943
2024-06-12 06:15:00,326.2,326.4,324.7,325.1,524.7711
2024-06-12 06:30:00,325.1,325.8,324.6,325.5,188.965
2024-06-12 06:45:00,325.6,325.9,325.0,325.5,322.7256
2024-06-12 07:00:00,325.5,325.5,324.0,325.4,459.0027
2024-06-12 07:15:00,325.5,325.6,323.7,323.8,343.4544
2024-06-12 07:30:00,323.9,324.0,321.5,323.0,2074.4665
2024-06-12 07:45:00,323.0,323.6,321.4,322.3,886.5219
2024-06-12 08:00:00,322.2,323.0,318.6,319.0,1310.9758
2024-06-12 08:15:00,319.1,319.8,315.4,316.3,742.843
2024-06-12 08:30:00,316.4,318.3,313.3,314.0,1782.8765
2024-06-12 08:45:00,313.9,317.9,313.3,317.1,1740.2388
2024-06-12 09:00:00,317.0,318.3,311.6,313.6,2852.1854
2024-06-12 09:15:00,313.5,318.1,312.3,317.4,1267.0592
2024-06-12 09:30:00,317.4,318.8,314.5,315.5,1773.7906
2024-06-12 09:45:00,315.5,317.8,315.3,317.4,613.3061
2024-06-12 10:00:00,317.6,318.7,315.1,315.5,945.3046
2024-06-12 10:15:00,315.5,315.7,310.2,311.1,3126.8814
2024-06-12 10:30:00,311.0,315.2,310.8,315.2,420.9347
2024-06-12 10:45:00,315.1,315.8,313.1,315.0,349.3157
2024-06-12 11:00:00,315.1,317.4,314.1,316.6,740.943
2024-06-12 11:15:00,316.7,319.1,316.7,318.7,924.7035
2024-06-12 11:30:00,318.7,318.7,317.0,318.4,402.3706
2024-06-12 11:45:00,318.3,318.5,316.4,317.1,416.4101
2024-06-12 12:00:00,317.2,317.2,313.7,314.8,971.7222
2024-06-12 12:15:00,314.8,316.9,314.7,315.7,373.2134
2024-06-12 12:30:00,315.7,317.6,315.7,316.2,212.775
2024-06-12 12:45:00,316.2,317.1,315.2,316.4,381.0005
2024-06-12 13:00:00,316.4,320.0,316.0,319.0,1023.2994
2024-06-12 13:15:00,319.2,322.2,319.2,321.7,589.4639
2024-06-12 13:30:00,321.5,324.3,321.0,322.8,672.0429
2024-06-12 13:45:00,322.7,322.7,320.4,320.5,336.2255
2024-06-12 14:00:00,320.4,324.5,320.4,324.1,548.744
2024-06-12 14:15:00,324.1,328.0,323.7,324.4,1029.1122
2024-06-12 14:30:00,324.4,325.0,323.5,324.2,322.8237
2024-06-12 14:45:00,324.1,326.3,323.5,326.3,560.5389
2024-06-12 15:00:00,326.2,327.1,324.3,327.1,938.0161
2024-06-12 15:15:00,327.2,329.6,327.0,329.1,1308.0065
2024-06-12 15:30:00,329.0,330.9,328.8,330.3,643.1938
2024-06-12 15:45:00,330.2,331.8,329.6,330.8,1063.6716
2024-06-12 16:00:00,330.7,331.7,329.1,331.6,717.6289
2024-06-12 16:15:00,331.7,334.0,331.2,332.6,849.0496
2024-06-12 16:30:00,332.7,336.6,332.6,334.5,1591.3499
2024-06-12 16:45:00,334.4,339.0,333.3,337.1,1043.7701
2024-06-12 17:00:00,337.1,340.5,336.4,339.9,1661.7019
2024-06-12 17:15:00,339.9,340.1,336.4,337.0,767.0065
2024-06-12 17:30:00,336.9,337.1,333.3,334.5,953.9674
2024-06-12 17:45:00,334.6,337.1,333.8,336.8,924.0044
2024-06-12 18:00:00,336.7,340.6,336.7,338.6,941.9931
2024-06-12 18:15:00,338.6,339.6,336.8,337.5,968.6112
2024-06-12 18:30:00,337.6,338.4,335.2,335.4,381.6061
2024-06-12 18:45:00,335.3,335.9,334.5,335.5,373.8397
2024-06-12 19:00:00,335.6,340.4,335.0,339.3,1047.8347
2024-06-12 19:15:00,339.2,344.5,339.2,343.4,1867.1612
2024-06-12 19:30:00,343.3,359.1,343.3,358.9,9271.8917
2024-06-12 19:45:00,358.8,361.3,353.7,359.4,3516.711
2024-06-12 20:00:00,359.3,363.1,357.1,359.0,1658.9932
2024-06-12 20:15:00,359.0,360.7,355.8,356.6,1710.783
2024-06-12 20:30:00,356.6,360.7,355.5,359.3,1108.606
2024-06-12 20:45:00,359.2,359.3,352.8,353.1,1044.0392
2024-06-12 21:00:00,353.0,358.2,352.9,357.2,1213.4067
2024-06-12 21:15:00,357.1,364.6,357.0,363.7,1772.8333
2024-06-12 21:30:00,363.7,366.9,361.4,364.5,2461.5935
2024-06-12 21:45:00,364.6,366.0,363.1,363.9,1196.9901
2024-06-12 22:00:00,363.9,368.5,363.4,366.7,1991.294
2024-06-12 22:15:00,366.8,371.4,365.3,370.5,1942.9784
2024-06-12 22:30:00,370.3,372.0,366.1,367.2,2124.8928
2024-06-12 22:45:00,367.2,371.0,367.2,370.8,1646.4153
2024-06-12 23:00:00,370.7,372.2,368.5,371.3,1339.7602
2024-06-12 23:15:00,371.3,371.5,364.9,365.0,1149.2354
2024-06-12 23:30:00,365.1,366.4,363.9,365.0,1346.6623
2024-06-12 23:45:00,365.1,369.2,365.0,366.3,1333.7399
2024-06-13 00:00:00,366.3,367.2,363.9,365.1,643.1484
2024-06-13 00:15:00,365.0,368.1,364.3,368.1,657.0864
2024-06-13 00:30:00,368.0,369.9,366.2,368.3,704.8254
2024-06-13 00:45:00,368.5,368.7,366.0,366.4,579.4636
2024-06-13 01:00:00,366.5,368.9,355.8,358.6,7184.4216
2024-06-13 01:15:00,358.8,362.0,358.2,358.6,1096.5109
2024-06-13 01:30:00,358.5,360.0,353.1,356.7,1756.8459
2024-06-13 01:45:00,356.8,356.8,349.6,350.4,1967.9945
2024-06-13 02:00:00,350.5,352.7,347.1,352.0,2015.7677
2024-06-13 02:15:00,352.0,357.8,347.0,349.0,1638.5333
2024-06-13 02:30:00,349.0,351.7,345.0,348.5,2000.5917
2024-06-13 02:45:00,348.3,348.8,341.1,343.6,2849.0413
2024-06-13 03:00:00,343.5,348.4,341.3,348.1,1450.9021
2024-06-13 03:15:00,348.2,350.8,347.6,350.8,647.9196
2024-06-13 03:30:00,350.5,352.3,348.9,351.9,639.3354
2024-06-13 03:45:00,352.0,352.3,348.9,350.7,412.1905
2024-06-13 04:00:00,350.8,353.2,350.8,353.1,323.6199
2024-06-13 04:15:00,353.2,353.3,351.7,353.2,469.6359
2024-06-13 04:30:00,353.1,353.2,351.1,353.0,270.5955
2024-06-13 04:45:00,352.8,353.1,351.4,352.3,442.9736
2024-06-13 05:00:00,352.4,353.8,351.5,353.6,218.0529
2024-06-13 05:15:00,353.6,357.9,353.1,353.9,960.8547
2024-06-13 05:30:00,353.8,356.8,353.6,354.5,430.3556
2024-06-13 05:45:00,354.4,355.7,353.7,354.8,125.2585
2024-06-13 06:00:00,354.9,355.1,353.0,354.9,373.655
2024-06-13 06:15:00,354.8,355.3,353.2,355.1,141.7447
2024-06-13 06:30:00,355.0,355.8,354.0,354.1,170.6154
2024-06-13 06:45:00,354.0,354.5,353.6,354.0,99.4986
2024-06-13 07:00:00,354.1,354.2,352.5,352.5,816.203
2024-06-13 07:15:00,352.6,355.5,351.7,355.0,1042.6491
2024-06-13 07:30:00,355.2,355.8,353.0,353.5,182.5067
2024-06-13 07:45:00,353.4,355.0,353.3,354.4,288.3065
2024-06-13 08:00:00,354.2,355.4,352.8,355.1,219.3467
2024-06-13 08:15:00,355.2,355.5,353.3,353.3,121.6341
2024-06-13 08:30:00,353.4,353.8,349.1,350.4,1141.6053
2024-06-13 08:45:00,350.4,351.0,346.3,346.9,439.4983
2024-06-13 09:00:00,346.9,347.3,341.5,342.9,860.3999
2024-06-13 09:15:00,342.9,344.6,341.3,343.9,744.269
2024-06-13 09:30:00,343.8,345.9,339.0,339.7,2011.3276
2024-06-13 09:45:00,339.8,339.8,334.3,334.7,1694.618
2024-06-13 10:00:00,334.7,334.9,330.5,332.1,845.9223
2024-06-13 10:15:00,332.3,332.8,326.3,328.8,2346.063
2024-06-13 10:30:00,328.8,333.5,328.8,333.1,1020.7478
2024-06-13 10:45:00,333.1,333.9,331.8,333.8,519.8335
2024-06-13 11:00:00,333.8,335.5,333.2,334.5,702.9526
2024-06-13 11:15:00,334.5,334.7,333.3,334.6,305.3244
2024-06-13 11:30:00,334.6,335.5,333.5,335.5,315.9089
2024-06-13 11:45:00,335.4,337.2,334.7,336.2,477.5269
2024-06-13 12:00:00,336.2,340.2,336.0,338.7,453.7221
2024-06-13 12:15:00,338.5,339.0,337.5,338.0,155.134
2024-06-13 12:30:00,337.8,340.0,337.0,339.6,262.2737
2024-06-13 12:45:00,339.5,339.5,337.0,337.9,181.2715
2024-06-13 13:00:00,338.0,339.2,337.0,338.3,200.0047
2024-06-13 13:15:00,338.3,339.2,337.4,337.9,212.4736
2024-06-13 13:30:00,337.9,337.9,334.2,334.2,464.3243
2024-06-13 13:45:00,334.2,336.9,333.8,335.0,319.6436
2024-06-13 14:00:00,335.1,335.8,334.1,335.8,581.2696
2024-06-13 14:15:00,335.7,337.2,332.9,333.4,876.1771
2024-06-13 14:30:00,333.6,334.1,332.8,334.0,411.0784
2024-06-13 14:45:00,334.0,335.5,333.8,334.5,383.4476
2024-06-13 15:00:00,334.6,336.1,334.4,335.5,310.1299
2024-06-13 15:15:00,335.5,336.6,335.1,335.9,546.6019
2024-06-13 15:30:00,335.9,337.6,335.9,336.3,845.3161
2024-06-13 15:45:00,336.3,336.4,335.3,335.5,279.2945
2024-06-13 16:00:00,335.4,336.4,335.0,335.4,207.96
2024-06-13 16:15:00,335.3,335.7,331.5,332.4,515.316
2024-06-13 16:30:00,332.3,333.1,330.7,330.8,387.1077
2024-06-13 16:45:00,330.7,334.4,330.7,334.3,285.4969
2024-06-13 17:00:00,334.1,334.9,331.5,331.8,424.07
2024-06-13 17:15:00,331.8,333.0,330.2,332.8,476.1704
2024-06-13 17:30:00,332.7,335.0,331.4,334.4,455.6388
2024-06-13 17:45:00,334.3,336.7,333.6,335.1,689.8364
2024-06-13 18:00:00,335.2,335.8,333.7,334.5,322.8687
2024-06-13 18:15:00,334.5,335.9,333.9,335.4,318.0081
2024-06-13 18:30:00,335.6,335.9,333.2,333.4,218.8357
2024-06-13 18:45:00,333.2,333.2,324.3,326.7,4932.6024
2024-06-13 19:00:00,326.6,328.8,326.0,327.5,696.8606
2024-06-13 19:15:00,327.6,328.9,324.6,327.9,620.1979
2024-06-13 19:30:00,327.9,332.2,325.1,325.9,1634.3466
2024-06-13 19:45:00,325.8,326.1,319.6,321.9,2432.5814
2024-06-13 20:00:00,321.7,324.5,320.9,324.4,636.5084
2024-06-13 20:15:00,324.3,328.6,324.1,328.5,826.5529
2024-06-13 20:30:00,328.5,330.7,327.5,328.3,990.6186
2024-06-13 20:45:00,328.3,328.3,324.0,324.8,777.0193
2024-06-13 21:00:00,324.9,327.7,324.0,325.3,845.6129
2024-06-13 21:15:00,325.2,326.8,323.0,324.3,435.9711
2024-06-13 21:30:00,324.2,327.4,323.6,325.7,867.8771
2024-06-13 21:45:00,325.8,327.3,325.5,326.7,406.8302
2024-06-13 22:00:00,326.5,327.3,325.0,326.5,396.7262
2024-06-13 22:15:00,326.2,326.5,321.5,322.0,709.5563
2024-06-13 22:30:00,322.0,322.6,316.1,317.5,2686.9908
2024-06-13 22:45:00,317.4,319.3,315.6,317.4,1676.2526
2024-06-13 23:00:00,317.3,320.8,315.0,319.7,2432.187
2024-06-13 23:15:00,319.5,320.5,317.3,318.7,699.1911
2024-06-13 23:30:00,318.7,322.0,317.0,321.3,1488.1728
2024-06-13 23:45:00,321.3,322.7,320.2,322.4,738.2643
2024-06-14 00:00:00,322.2,323.8,321.9,322.8,957.2467
2024-06-14 00:15:00,322.8,322.8,320.4,320.7,658.3014
2024-06-14 00:30:00,320.8,321.7,320.0,321.6,693.5223
2024-06-14 00:45:00,321.4,322.1,321.0,321.9,328.0024
2024-06-14 01:00:00,321.9,322.4,319.5,321.9,864.0734
2024-06-14 01:15:00,322.1,323.6,321.8,322.4,401.1884
2024-06-14 01:30:00,322.2,323.6,322.1,323.5,465.6799
2024-06-14 01:45:00,323.4,325.1,323.3,324.5,662.2622
2024-06-14 02:00:00,324.3,325.0,323.6,324.7,237.9856
2024-06-14 02:15:00,324.6,327.4,324.5,326.8,379.4645
2024-06-14 02:30:00,326.8,326.8,323.1,324.3,451.8865
2024-06-14 02:45:00,324.4,324.9,322.0,322.5,412.8674
2024-06-14 03:00:00,322.2,323.6,320.7,322.2,401.4744
2024-06-14 03:15:00,322.4,323.1,321.2,321.6,292.4421
2024-06-14 03:30:00,321.5,321.6,320.4,320.9,262.9318
2024-06-14 03:45:00,320.9,322.2,320.9,321.6,636.133
2024-06-14 04:00:00,321.6,322.1,318.3,319.9,397.2893
2024-06-14 04:15:00,320.0,321.1,317.9,318.3,671.5369
2024-06-14 04:30:00,318.3,320.4,318.1,319.5,416.2077
2024-06-14 04:45:00,319.5,321.3,319.4,321.1,239.8951
2024-06-14 05:00:00,321.0,321.6,319.0,319.0,371.1044
2024-06-14 05:15:00,319.0,320.2,317.3,319.3,971.4978
2024-06-14 05:30:00,319.1,321.2,319.0,319.5,588.3123
2024-06-14 05:45:00,319.7,320.2,316.7,318.0,729.911
2024-06-14 06:00:00,317.9,317.9,313.7,314.8,1115.3017
2024-06-14 06:15:00,314.8,316.4,314.7,315.5,546.9739
2024-06-14 06:30:00,315.5,316.5,315.0,315.5,310.2189
2024-06-14 06:45:00,315.6,316.5,315.0,315.8,161.8378
2024-06-14 07:00:00,316.0,318.0,315.3,315.3,343.9311
2024-06-14 07:15:00,315.2,317.3,312.5,316.4,695.56
2024-06-14 07:30:00,316.4,317.1,314.7,315.5,345.8655
2024-06-14 07:45:00,315.5,316.1,312.4,314.4,696.9957
2024-06-14 08:00:00,314.5,315.2,311.0,314.5,638.5731
2024-06-14 08:15:00,314.5,316.1,312.0,313.5,447.9122
2024-06-14 08:30:00,313.6,314.7,311.1,313.1,1183.0578
2024-06-14 08:45:00,312.9,316.8,312.8,316.2,624.7904
2024-06-14 09:00:00,316.2,317.5,313.3,314.2,416.4385
2024-06-14 09:15:00,314.1,315.5,313.7,315.3,219.6693
2024-06-14 09:30:00,315.2,316.2,313.8,316.1,239.1943
2024-06-14 09:45:00,316.1,318.9,315.6,318.3,330.1639
2024-06-14 10:00:00,318.1,318.6,316.0,316.5,323.6107
2024-06-14 10:15:00,316.6,317.5,314.3,314.8,191.7188
2024-06-14 10:30:00,314.7,315.5,313.3,314.4,179.9668
2024-06-14 10:45:00,314.5,314.7,313.3,314.7,102.2971
2024-06-14 11:00:00,314.7,316.8,314.1,316.0,490.3753
2024-06-14 11:15:00,316.0,317.1,315.2,317.1,155.6762
2024-06-14 11:30:00,316.9,317.4,315.9,317.0,145.8323
2024-06-14 11:45:00,317.1,318.1,316.8,317.6,391.7691
2024-06-14 12:00:00,317.7,318.9,316.9,317.5,223.5369
2024-06-14 12:15:00,317.5,318.3,317.3,318.1,157.5478
2024-06-14 12:30:00,318.0,319.9,317.9,319.7,376.3371
2024-06-14 12:45:00,319.5,321.4,319.5,320.7,518.573
2024-06-14 13:00:00,320.9,322.0,319.7,321.0,683.2165
2024-06-14 13:15:00,321.1,324.4,321.1,323.5,588.6393
2024-06-14 13:30:00,323.2,324.4,322.0,324.3,335.5812
2024-06-14 13:45:00,324.2,324.5,322.2,322.2,235.9258
2024-06-14 14:00:00,322.2,322.9,321.8,322.1,268.582
2024-06-14 14:15:00,322.2,322.4,318.7,319.3,323.2731
2024-06-14 14:30:00,319.3,319.4,317.6,317.8,586.4129
2024-06-14 14:45:00,317.9,320.3,317.3,317.5,1254.7092
2024-06-14 15:00:00,317.5,319.4,316.1,319.3,692.2552
2024-06-14 15:15:00,318.9,319.3,318.1,318.5,371.7028
2024-06-14 15:30:00,318.4,319.6,318.2,319.6,419.5203
2024-06-14 15:45:00,319.5,322.6,319.0,321.2,808.6175
2024-06-14 16:00:00,321.2,322.4,320.4,322.2,340.0476
2024-06-14 16:15:00,322.2,323.6,321.2,322.7,323.8493
2024-06-14 16:30:00,322.6,322.6,318.5,319.6,519.3453
2024-06-14 16:45:00,319.8,320.5,319.2,320.2,191.7043
2024-06-14 17:00:00,320.4,320.8,318.0,318.2,706.9388
2024-06-14 17:15:00,318.2,318.7,317.6,318.4,295.8699
2024-06-14 17:30:00,318.3,318.9,317.7,318.4,284.7928
2024-06-14 17:45:00,318.4,318.8,317.5,318.6,253.2249
2024-06-14 18:00:00,318.6,318.8,317.0,318.1,305.0325
2024-06-14 18:15:00,318.2,319.0,317.9,319.0,1732.3662
2024-06-14 18:30:00,319.0,319.0,317.6,317.8,346.3591
2024-06-14 18:45:00,317.8,319.0,317.5,318.1,660.3806
2024-06-14 19:00:00,318.2,319.0,317.7,319.0,408.6463
2024-06-14 19:15:00,319.0,321.7,318.6,320.5,3001.263
2024-06-14 19:30:00,320.5,321.5,318.2,318.5,564.2777
2024-06-14 19:45:00,318.5,318.7,316.6,318.1,415.893
2024-06-14 20:00:00,318.1,318.8,317.0,317.5,417.1027
2024-06-14 20:15:00,317.7,321.0,317.7,319.7,528.1032
2024-06-14 20:30:00,319.6,320.3,318.1,319.1,685.3277
2024-06-14 20:45:00,319.1,319.4,318.2,318.7,361.2672
2024-06-14 21:00:00,318.7,319.1,316.1,317.1,806.125
2024-06-14 21:15:00,317.3,317.6,311.1,312.1,1393.8052
2024-06-14 21:30:00,312.0,313.0,308.7,312.1,4714.8864
2024-06-14 21:45:00,312.0,316.5,311.0,314.5,1254.0199
2024-06-14 22:00:00,314.4,317.1,312.0,314.1,895.8662
2024-06-14 22:15:00,314.1,315.2,312.5,314.5,401.0019
2024-06-14 22:30:00,314.6,317.2,311.9,312.3,1107.4669
2024-06-14 22:45:00,312.2,312.5,310.0,311.6,2412.154
2024-06-14 23:00:00,311.7,312.5,290.0,298.7,10447.3386
2024-06-14 23:15:00,298.6,303.5,298.4,300.8,2929.5792
2024-06-14 23:30:00,300.9,305.1,298.2,299.5,2422.1456
2024-06-14 23:45:00,299.4,301.8,298.7,300.0,1824.6607
2024-06-15 00:00:00,299.9,301.3,295.7,300.4,2038.6244
2024-06-15 00:15:00,300.6,305.5,299.4,305.4,2406.1694
2024-06-15 00:30:00,305.4,308.6,304.3,305.2,1493.6494
2024-06-15 00:45:00,305.0,306.6,304.0,306.5,684.1951
2024-06-15 01:00:00,306.5,306.5,299.2,301.4,2311.4071
2024-06-15 01:15:00,301.4,303.8,299.4,302.8,1984.8954
2024-06-15 01:30:00,302.8,304.1,301.2,303.4,1028.3834
2024-06-15 01:45:00,303.3,303.4,301.1,302.8,485.3823
2024-06-15 02:00:00,302.8,303.8,301.5,301.9,403.2373
2024-06-15 02:15:00,301.8,306.9,301.6,306.8,860.517
2024-06-15 02:30:00,306.8,306.8,302.9,303.1,691.085
2024-06-15 02:45:00,303.0,303.3,301.3,302.1,802.493
2024-06-15 03:00:00,302.2,302.6,300.7,302.3,1054.9008
2024-06-15 03:15:00,302.4,304.8,302.1,303.9,891.0941
2024-06-15 03:30:00,303.9,304.5,300.9,301.7,492.0451
2024-06-15 03:45:00,301.7,302.8,300.9,302.8,272.5505
2024-06-15 04:00:00,302.7,304.5,302.6,304.5,346.8882
2024-06-15 04:15:00,304.6,309.3,304.0,308.7,805.4004
2024-06-15 04:30:00,308.8,312.7,304.6,307.2,4399.7891
2024-06-15 04:45:00,307.2,307.2,301.0,304.7,5274.6439
2024-06-15 05:00:00,304.7,304.7,300.9,303.1,431.8956
2024-06-15 05:15:00,303.3,303.8,301.7,301.9,303.5839
2024-06-15 05:30:00,302.0,302.3,300.3,301.1,526.7806
2024-06-15 05:45:00,301.1,303.3,300.0,303.1,523.7841
2024-06-15 06:00:00,303.1,303.1,299.9,301.6,360.6775
2024-06-15 06:15:00,301.6,303.9,301.6,302.8,598.5225
2024-06-15 06:30:00,302.8,304.1,302.7,303.6,112.7431
2024-06-15 06:45:00,303.7,304.5,302.5,302.5,573.5602
2024-06-15 07:00:00,302.5,303.0,301.0,301.7,895.2739
2024-06-15 07:15:00,301.7,304.7,301.5,304.0,270.6796
2024-06-15 07:30:00,303.9,304.8,302.0,304.7,297.9316
2024-06-15 07:45:00,304.5,304.5,302.2,302.2,276.1291
2024-06-15 08:00:00,302.2,303.3,300.2,300.9,475.5692
2024-06-15 08:15:00,300.8,300.9,299.5,300.4,304.9567
2024-06-15 08:30:00,300.6,300.9,297.6,298.8,545.3665
2024-06-15 08:45:00,298.7,300.6,298.5,299.5,163.6745
2024-06-15 09:00:00,299.3,300.6,298.8,300.2,173.4258
2024-06-15 09:15:00,300.2,301.5,300.2,300.5,213.3623
2024-06-15 09:30:00,300.4,302.5,300.3,302.0,463.6896
2024-06-15 09:45:00,301.9,301.9,300.4,301.0,252.7079
2024-06-15 10:00:00,301.1,301.6,300.0,300.2,312.4273
2024-06-15 10:15:00,300.3,300.3,298.6,299.6,375.1023
2024-06-15 10:30:00,299.4,299.7,298.6,299.4,463.3867
2024-06-15 10:45:00,299.4,300.1,298.7,300.0,304.718
2024-06-15 11:00:00,300.0,300.2,299.0,300.0,186.0588
2024-06-15 11:15:00,299.9,300.3,299.3,299.6,282.0091
2024-06-15 11:30:00,299.5,300.3,298.5,300.1,596.6065
2024-06-15 11:45:00,300.0,300.3,299.1,299.4,2163.608
2024-06-15 12:00:00,299.3,300.3,299.0,300.0,573.7765
2024-06-15 12:15:00,300.0,300.3,298.8,299.9,412.9571
2024-06-15 12:30:00,299.9,300.1,295.5,298.4,1512.7715
2024-06-15 12:45:00,298.7,298.7,295.0,296.0,650.6239
2024-06-15 13:00:00,296.1,299.9,296.1,299.8,569.4415
2024-06-15 13:15:00,299.8,300.6,298.8,299.9,364.7053
2024-06-15 13:30:00,299.9,302.2,299.3,302.1,314.1127
2024-06-15 13:45:00,302.1,302.9,300.1,300.2,632.9549
2024-06-15 14:00:00,300.4,302.2,300.1,301.5,342.6367
2024-06-15 14:15:00,301.6,303.4,301.6,302.8,416.703
2024-06-15 14:30:00,302.8,303.4,302.1,302.7,335.8035
2024-06-15 14:45:00,302.7,302.9,302.1,302.4,213.0389
2024-06-15 15:00:00,302.4,306.3,302.4,305.8,476.6238
2024-06-15 15:15:00,306.2,308.3,305.1,306.0,563.1559
2024-06-15 15:30:00,306.0,306.7,304.4,305.4,443.5006
2024-06-15 15:45:00,305.3,305.6,304.7,305.3,176.1475
2024-06-15 16:00:00,305.3,307.6,305.3,307.1,784.1552
2024-06-15 16:15:00,307.1,307.1,304.5,304.7,315.3835
2024-06-15 16:30:00,304.6,304.6,302.9,303.9,463.0013
2024-06-15 16:45:00,304.0,305.5,304.0,305.2,381.1653
2024-06-15 17:00:00,305.2,305.9,304.7,305.6,433.052
2024-06-15 17:15:00,305.6,307.2,305.5,306.1,257.5701
2024-06-15 17:30:00,306.2,307.0,305.4,306.3,248.0082
2024-06-15 17:45:00,306.3,306.5,305.4,306.4,253.8571
2024-06-15 18:00:00,306.3,306.7,304.8,305.1,260.9185
2024-06-15 18:15:00,305.0,305.3,303.6,305.1,435.7926
2024-06-15 18:30:00,304.9,305.7,304.7,304.7,434.9843
2024-06-15 18:45:00,304.9,306.8,304.8,306.5,190.6657
2024-06-15 19:00:00,306.6,309.5,306.6,308.5,438.543
2024-06-15 19:15:00,308.5,309.2,306.2,307.2,341.2323
2024-06-15 19:30:00,307.1,307.4,304.5,304.6,381.7128
2024-06-15 19:45:00,304.8,307.6,304.8,307.0,220.7757
2024-06-15 20:00:00,307.3,307.3,304.4,304.8,344.0466
2024-06-15 20:15:00,304.8,306.8,304.7,306.4,359.5768
2024-06-15 20:30:00,306.3,306.4,304.3,304.9,588.0848
2024-06-15 20:45:00,304.9,305.0,304.0,304.9,306.7051
2024-06-15 21:00:00,304.7,305.0,302.4,303.4,854.8448
2024-06-15 21:15:00,303.4,304.6,302.0,302.3,795.2958
2024-06-15 21:30:00,302.3,303.0,300.9,302.7,454.0463
2024-06-15 21:45:00,302.7,303.8,302.0,302.7,269.8491
2024-06-15 22:00:00,302.6,304.9,302.3,304.8,406.7701
2024-06-15 22:15:00,304.8,307.6,304.2,304.6,817.8219
2024-06-15 22:30:00,304.7,305.1,303.2,303.8,274.0642
2024-06-15 22:45:00,303.8,304.0,302.7,303.3,308.2035
2024-06-15 23:00:00,303.0,305.8,303.0,305.8,807.3492
2024-06-15 23:15:00,305.4,306.1,304.7,305.9,349.7328
2024-06-15 23:30:00,305.9,307.0,305.6,306.8,215.8498
2024-06-15 23:45:00,306.9,307.2,305.7,306.3,270.323
2024-06-16 00:00:00,306.6,306.6,304.4,305.9,397.3942
2024-06-16 00:15:00,305.9,307.1,305.2,306.6,207.8114
2024-06-16 00:30:00,306.5,309.0,305.8,308.2,921.4596
2024-06-16 00:45:00,308.1,308.2,306.2,306.9,243.4152
2024-06-16 01:00:00,306.8,306.9,305.7,306.5,264.0808
2024-06-16 01:15:00,306.3,307.0,304.8,306.1,502.258
2024-06-16 01:30:00,306.0,306.4,305.3,306.2,192.9962
2024-06-16 01:45:00,306.1,306.3,304.9,304.9,149.4754
2024-06-16 02:00:00,304.9,305.6,303.5,304.2,306.1635
2024-06-16 02:15:00,304.3,305.1,303.4,304.7,360.7848
2024-06-16 02:30:00,304.7,305.5,304.5,304.7,239.8278
2024-06-16 02:45:00,304.8,305.0,304.2,304.8,117.1037
2024-06-16 03:00:00,304.8,305.9,302.9,303.2,418.7615
2024-06-16 03:15:00,303.1,303.6,301.0,301.4,484.5557
2024-06-16 03:30:00,301.7,304.8,301.6,303.6,446.5775
2024-06-16 03:45:00,303.6,304.9,302.7,303.7,427.1145
2024-06-16 04:00:00,303.6,305.4,303.5,304.6,244.8939
2024-06-16 04:15:00,304.4,304.8,302.9,303.2,299.7042
2024-06-16 04:30:00,303.1,304.0,302.8,303.3,160.0693
2024-06-16 04:45:00,303.3,306.1,303.3,304.8,245.5341
2024-06-16 05:00:00,304.8,305.1,303.7,303.9,178.6185
2024-06-16 05:15:00,303.8,303.8,302.9,302.9,120.7683
2024-06-16 05:30:00,302.9,304.2,302.5,304.2,143.4594
2024-06-16 05:45:00,304.3,304.7,303.6,303.7,182.0813
2024-06-16 06:00:00,303.8,303.9,303.0,303.4,167.5432
2024-06-16 06:15:00,303.2,303.4,302.1,302.5,318.9242
2024-06-16 06:30:00,302.5,303.4,302.1,302.3,272.198
2024-06-16 06:45:00,302.2,302.2,301.2,302.1,370.0258
2024-06-16 07:00:00,302.2,302.5,301.1,302.2,230.243
2024-06-16 07:15:00,302.3,303.0,301.8,302.0,178.6154
2024-06-16 07:30:00,302.0,302.7,301.9,302.3,54.5488
2024-06-16 07:45:00,302.2,303.4,300.7,301.6,702.1425
2024-06-16 08:00:00,301.6,302.1,298.6,301.8,585.2394
2024-06-16 08:15:00,301.9,302.5,300.4,300.4,270.489
2024-06-16 08:30:00,300.4,301.3,299.9,301.0,138.0433
2024-06-16 08:45:00,301.0,303.3,300.3,303.3,210.9165
2024-06-16 09:00:00,303.3,306.6,302.8,305.9,1433.4646
2024-06-16 09:15:00,305.9,308.7,305.3,308.2,357.8278
2024-06-16 09:30:00,308.1,308.9,306.9,307.9,440.1925
2024-06-16 09:45:00,307.7,307.8,306.7,307.5,323.4904
2024-06-16 10:00:00,307.4,308.9,306.2,307.5,594.2065
2024-06-16 10:15:00,307.5,308.1,305.9,306.0,333.5689
2024-06-16 10:30:00,306.1,306.3,304.2,304.9,551.2582
2024-06-16 10:45:00,304.7,306.6,304.6,305.8,199.1445
2024-06-16 11:00:00,305.8,306.0,304.2,305.3,278.7128
2024-06-16 11:15:00,305.0,305.0,302.2,303.5,422.5095
2024-06-16 11:30:00,303.5,304.5,303.1,304.2,216.8094
2024-06-16 11:45:00,304.2,305.0,302.2,302.5,206.9471
2024-06-16 12:00:00,302.5,304.0,302.3,303.5,220.8894
2024-06-16 12:15:00,303.4,305.3,303.4,305.0,165.8303
2024-06-16 12:30:00,305.1,307.2,304.8,306.3,589.099
2024-06-16 12:45:00,306.4,306.4,305.0,305.8,139.2178
2024-06-16 13:00:00,305.6,306.4,304.4,304.7,114.7565
2024-06-16 13:15:00,304.7,305.3,304.2,304.4,283.4664
2024-06-16 13:30:00,304.3,307.0,304.1,306.8,314.3114
2024-06-16 13:45:00,306.7,308.6,306.7,307.2,282.5448
2024-06-16 14:00:00,307.3,309.9,306.7,309.6,365.9116
2024-06-16 14:15:00,309.5,310.2,308.3,309.4,301.9802
2024-06-16 14:30:00,309.2,309.9,308.2,308.8,596.4029
2024-06-16 14:45:00,308.9,309.2,307.7,308.2,235.2524
2024-06-16 15:00:00,308.1,309.6,307.7,309.2,193.366
2024-06-16 15:15:00,309.0,309.7,308.4,308.8,349.3949
2024-06-16 15:30:00,308.8,309.2,306.3,306.5,390.8486
2024-06-16 15:45:00,306.3,307.9,305.7,307.3,414.217
2024-06-16 16:00:00,307.4,308.4,306.0,306.2,421.4495
2024-06-16 16:15:00,306.2,308.4,305.6,307.9,237.5087
2024-06-16 16:30:00,308.1,308.1,306.0,306.5,251.9809
2024-06-16 16:45:00,306.4,307.9,306.4,307.6,161.5199
2024-06-16 17:00:00,307.8,308.4,306.8,306.8,120.4523
2024-06-16 17:15:00,306.9,307.5,306.1,306.5,318.2953
2024-06-16 17:30:00,306.5,308.9,306.3,308.5,517.8698
2024-06-16 17:45:00,308.4,309.8,307.6,309.4,173.1938
2024-06-16 18:00:00,309.6,311.5,308.9,310.2,616.4365
2024-06-16 18:15:00,310.1,311.0,308.7,308.7,396.8176
2024-06-16 18:30:00,308.8,310.8,308.8,309.7,309.1155
2024-06-16 18:45:00,309.6,309.9,308.2,308.7,279.5223
2024-06-16 19:00:00,308.6,309.8,308.6,308.9,190.5415
2024-06-16 19:15:00,309.1,309.5,308.9,309.2,101.9991
2024-06-16 19:30:00,309.3,309.5,306.9,307.5,357.928
2024-06-16 19:45:00,307.3,310.3,307.2,310.1,764.879
2024-06-16 20:00:00,310.0,311.9,309.3,311.5,514.213
2024-06-16 20:15:00,311.5,314.2,310.5,312.8,826.2006
2024-06-16 20:30:00,312.8,313.4,310.9,312.0,273.409
2024-06-16 20:45:00,312.0,314.9,309.9,313.9,1919.9407
2024-06-16 21:00:00,313.8,317.6,313.0,316.8,1664.9872
2024-06-16 21:15:00,316.6,317.4,313.7,314.3,620.8558
2024-06-16 21:30:00,314.3,314.3,311.8,312.9,764.2167
2024-06-16 21:45:00,312.9,314.1,310.6,311.0,661.7105
2024-06-16 22:00:00,311.0,312.4,310.5,312.3,515.9378
2024-06-16 22:15:00,312.3,314.0,311.4,312.0,390.0345
2024-06-16 22:30:00,311.9,312.4,310.8,311.2,382.5595
2024-06-16 22:45:00,311.4,312.5,309.5,311.9,739.1754
2024-06-16 23:00:00,311.8,312.5,310.6,311.9,340.1314
2024-06-16 23:15:00,312.0,313.2,311.2,312.1,500.5585
2024-06-16 23:30:00,312.0,313.4,311.9,312.1,294.4151
2024-06-16 23:45:00,312.1,314.9,312.0,314.5,434.1622
2024-06-17 00:00:00,314.5,314.5,312.8,313.4,359.7077
2024-06-17 00:15:00,313.5,315.2,313.5,313.7,189.2597
2024-06-17 00:30:00,313.7,313.8,311.6,312.2,246.2287
2024-06-17 00:45:00,312.1,312.5,311.4,312.3,188.5811
2024-06-17 01:00:00,312.3,313.0,311.6,312.9,114.5037
2024-06-17 01:15:00,312.8,313.9,312.6,313.5,309.0607
2024-06-17 01:30:00,313.6,314.5,312.6,313.1,280.4726
2024-06-17 01:45:00,313.2,313.9,312.8,313.3,229.4827
2024-06-17 02:00:00,313.4,313.9,311.3,312.3,1083.7263
2024-06-17 02:15:00,312.2,313.2,312.0,312.8,219.2464
2024-06-17 02:30:00,312.8,312.9,310.7,312.1,392.9423
2024-06-17 02:45:00,312.2,313.4,311.6,312.8,328.0023
2024-06-17 03:00:00,312.8,313.2,311.4,312.2,233.8351
2024-06-17 03:15:00,312.2,312.5,310.8,311.0,311.217
2024-06-17 03:30:00,311.1,311.2,310.1,310.4,165.4251
2024-06-17 03:45:00,310.5,310.6,308.9,310.0,425.1441
2024-06-17 04:00:00,309.9,309.9,307.2,307.2,466.6387
2024-06-17 04:15:00,307.3,307.9,306.8,307.4,538.4231
2024-06-17 04:30:00,307.4,307.7,306.1,306.1,173.7712
2024-06-17 04:45:00,306.2,307.7,306.0,307.6,222.9315
2024-06-17 05:00:00,307.6,311.9,307.3,309.2,529.5294
2024-06-17 05:15:00,309.2,309.9,308.0,308.4,267.9949
2024-06-17 05:30:00,308.7,309.5,307.6,307.7,406.709
2024-06-17 05:45:00,307.8,308.9,307.2,308.3,255.3358
2024-06-17 06:00:00,308.4,310.0,306.7,307.0,793.2476
2024-06-17 06:15:00,307.1,307.8,304.5,305.7,460.3476
2024-06-17 06:30:00,305.7,306.3,304.4,305.2,354.2708
2024-06-17 06:45:00,305.1,306.0,304.9,306.0,114.4597
2024-06-17 07:00:00,306.0,307.1,305.3,306.6,349.3747
2024-06-17 07:15:00,306.6,307.8,304.9,307.4,295.3602
2024-06-17 07:30:00,307.3,308.9,307.1,308.3,325.1509
2024-06-17 07:45:00,308.2,308.3,305.0,305.6,178.3168
2024-06-17 08:00:00,305.6,305.7,303.0,305.4,734.0464
2024-06-17 08:15:00,305.6,305.6,301.7,303.2,639.0085
2024-06-17 08:30:00,303.3,303.5,300.6,300.9,510.5282
2024-06-17 08:45:00,301.2,302.8,301.1,302.1,167.173
2024-06-17 09:00:00,302.1,302.2,299.2,301.4,532.4589
2024-06-17 09:15:00,301.3,302.3,297.5,298.8,771.6566
2024-06-17 09:30:00,299.0,300.8,297.6,300.2,582.6875
2024-06-17 09:45:00,300.1,301.7,299.9,301.3,320.867
2024-06-17 10:00:00,301.3,301.6,300.0,300.3,168.3249
2024-06-17 10:15:00,300.1,301.6,298.4,301.0,886.1189
2024-06-17 10:30:00,300.9,301.2,299.9,300.7,133.9612
2024-06-17 10:45:00,300.8,301.3,297.3,299.0,395.0168
2024-06-17 11:00:00,299.1,300.0,296.1,297.1,578.1741
2024-06-17 11:15:00,297.0,300.9,296.7,300.0,785.8129
2024-06-17 11:30:00,300.1,301.9,299.8,301.3,449.4401
2024-06-17 11:45:00,301.3,302.9,300.8,302.7,222.2071
2024-06-17 12:00:00,302.5,302.7,301.5,302.5,182.1289
2024-06-17 12:15:00,302.5,302.5,301.2,302.1,148.6483
2024-06-17 12:30:00,302.0,302.6,301.0,301.1,132.6636
2024-06-17 12:45:00,301.0,301.1,298.3,299.4,411.162
2024-06-17 13:00:00,299.5,299.6,297.2,297.6,370.6157
2024-06-17 13:15:00,297.6,299.5,296.5,299.1,419.3366
2024-06-17 13:30:00,299.3,300.2,297.3,297.4,426.4665
2024-06-17 13:45:00,297.4,297.8,292.0,294.1,1294.6567
2024-06-17 14:00:00,294.1,294.6,289.1,290.9,1563.0058
2024-06-17 14:15:00,290.8,295.0,290.0,294.7,1126.8522
2024-06-17 14:30:00,294.6,296.0,291.2,291.7,812.4558
2024-06-17 14:45:00,291.7,293.1,291.3,292.9,425.4542
2024-06-17 15:00:00,292.9,295.9,292.6,295.6,566.948
2024-06-17 15:15:00,295.6,296.3,293.0,293.4,529.8082
2024-06-17 15:30:00,293.3,293.3,290.7,292.4,1064.477
2024-06-17 15:45:00,292.4,293.8,290.0,290.5,1365.8973
2024-06-17 16:00:00,290.5,291.7,289.5,289.9,1006.5395
2024-06-17 16:15:00,289.7,290.2,287.7,290.1,1816.0735
2024-06-17 16:30:00,290.0,293.8,287.6,287.7,1734.16
2024-06-17 16:45:00,287.8,289.5,283.8,286.0,2723.9379
2024-06-17 17:00:00,286.0,287.6,281.0,283.8,2331.4009
2024-06-17 17:15:00,283.9,284.4,282.2,283.2,916.4503
2024-06-17 17:30:00,283.3,287.2,283.3,287.0,799.6921
2024-06-17 17:45:00,287.2,290.6,286.9,290.3,1026.3358
2024-06-17 18:00:00,290.2,291.8,289.9,290.7,451.0104
2024-06-17 18:15:00,290.5,295.5,289.2,294.9,1920.3189
2024-06-17 18:30:00,294.7,295.9,292.7,295.4,1431.6906
2024-06-17 18:45:00,295.3,296.7,294.6,296.2,444.7118
2024-06-17 19:00:00,296.2,298.1,293.0,293.6,602.8271
2024-06-17 19:15:00,293.6,295.4,293.1,294.5,816.7894
2024-06-17 19:30:00,294.5,301.6,294.1,299.8,1329.7576
2024-06-17 19:45:00,299.7,300.0,295.6,298.2,1032.0973
2024-06-17 20:00:00,298.2,299.5,296.9,298.8,903.0946
2024-06-17 20:15:00,298.8,298.8,296.1,297.2,655.8678
2024-06-17 20:30:00,297.2,297.9,294.2,296.9,840.2983
2024-06-17 20:45:00,296.8,297.4,293.6,294.5,1419.1385
2024-06-17 21:00:00,294.6,301.0,294.6,299.4,1366.7701
2024-06-17 21:15:00,299.3,301.2,298.4,299.9,526.0974
2024-06-17 21:30:00,299.8,302.0,298.2,301.4,718.4118
2024-06-17 21:45:00,301.3,303.5,299.9,300.7,993.4571
2024-06-17 22:00:00,300.8,302.2,297.1,297.4,1355.4119
2024-06-17 22:15:00,297.4,297.8,294.4,295.7,755.3718
2024-06-17 22:30:00,295.6,296.7,293.5,295.8,881.8904
2024-06-17 22:45:00,295.9,296.8,292.8,293.6,1267.6201
2024-06-17 23:00:00,293.6,294.7,291.7,292.5,892.1513
2024-06-17 23:15:00,292.7,295.0,286.5,293.9,2466.7653
2024-06-17 23:30:00,293.8,299.7,293.7,298.1,1919.3163
2024-06-17 23:45:00,298.2,298.3,295.1,296.7,783.0944
2024-06-18 00:00:00,296.8,298.5,295.7,296.6,779.4565
2024-06-18 00:15:00,296.7,300.5,296.7,299.5,1319.6033
2024-06-18 00:30:00,299.6,302.8,299.5,300.8,1268.8154
2024-06-18 00:45:00,300.8,301.2,298.1,300.1,684.2186
2024-06-18 01:00:00,300.1,301.9,299.0,301.0,918.0779
2024-06-18 01:15:00,300.8,302.4,299.5,301.8,823.2819
2024-06-18 01:30:00,301.8,306.5,301.7,302.5,1284.8105
2024-06-18 01:45:00,302.5,303.1,300.9,302.3,557.5075
2024-06-18 02:00:00,302.4,302.7,299.5,301.6,700.0935
2024-06-18 02:15:00,301.5,303.0,300.2,302.3,448.8991
2024-06-18 02:30:00,302.2,303.2,300.3,301.9,612.3689
2024-06-18 02:45:00,301.8,303.5,301.1,302.1,778.2769
2024-06-18 03:00:00,302.1,302.7,296.9,296.9,1287.5816
2024-06-18 03:15:00,296.9,299.8,294.8,296.9,1532.6857
2024-06-18 03:30:00,296.9,296.9,293.5,296.4,824.7631
2024-06-18 03:45:00,296.2,296.9,293.3,294.7,354.0543
2024-06-18 04:00:00,294.8,297.8,292.7,294.5,499.277
2024-06-18 04:15:00,294.7,297.3,293.4,296.6,601.9458
2024-06-18 04:30:00,296.7,298.3,296.3,296.3,233.5255
2024-06-18 04:45:00,296.2,297.2,294.9,295.2,483.7506
2024-06-18 05:00:00,295.2,295.8,292.0,292.3,1039.897
2024-06-18 05:15:00,292.3,292.4,289.8,290.2,528.8743
2024-06-18 05:30:00,290.2,292.3,289.2,291.6,599.2666
2024-06-18 05:45:00,291.7,292.3,290.3,291.7,389.8006
2024-06-18 06:00:00,291.5,292.7,289.4,290.0,324.7001
2024-06-18 06:15:00,289.8,293.3,288.7,289.5,783.7323
2024-06-18 06:30:00,289.5,291.0,286.7,287.4,932.8437
2024-06-18 06:45:00,287.6,289.2,286.6,288.5,530.5026
2024-06-18 07:00:00,288.6,289.6,286.0,286.8,420.6212
2024-06-18 07:15:00,286.9,287.3,284.7,286.0,760.9939
2024-06-18 07:30:00,285.8,288.6,281.4,281.7,820.7287
2024-06-18 07:45:00,281.7,285.6,281.2,284.3,680.9826
2024-06-18 08:00:00,284.1,287.4,280.7,280.9,1551.1666
2024-06-18 08:15:00,280.8,281.9,270.0,277.1,4762.925
2024-06-18 08:30:00,277.2,277.5,236.2,240.7,9363.1878
2024-06-18 08:45:00,241.5,263.5,241.1,262.6,7823.6935
2024-06-18 09:00:00,262.6,266.2,259.8,264.0,3372.2553
2024-06-18 09:15:00,264.0,270.5,263.4,268.6,2403.7566
2024-06-18 09:30:00,268.7,270.2,266.9,267.3,1356.44
2024-06-18 09:45:00,267.3,271.0,266.0,269.4,1228.2788
2024-06-18 10:00:00,269.3,270.0,267.9,269.1,716.3017
2024-06-18 10:15:00,269.1,271.6,268.7,271.4,1055.6737
2024-06-18 10:30:00,271.4,273.2,270.6,272.7,541.5141
2024-06-18 10:45:00,272.7,272.9,270.9,272.7,573.8381
2024-06-18 11:00:00,272.6,272.7,265.0,270.5,1756.0979
2024-06-18 11:15:00,270.6,272.5,269.6,270.0,966.0285
2024-06-18 11:30:00,270.0,273.0,268.8,271.2,1216.3019
2024-06-18 11:45:00,271.2,273.0,270.6,271.6,640.3302
2024-06-18 12:00:00,271.5,274.6,271.5,274.1,585.7277
2024-06-18 12:15:00,274.1,274.5,272.4,273.6,644.8434
2024-06-18 12:30:00,273.6,274.0,272.0,273.1,576.7623
2024-06-18 12:45:00,273.2,273.6,272.1,273.0,509.4065
2024-06-18 13:00:00,273.0,277.1,272.8,276.6,1089.4311
2024-06-18 13:15:00,276.5,277.5,274.4,276.9,780.6041
2024-06-18 13:30:00,277.0,280.0,277.0,278.0,776.9054
2024-06-18 13:45:00,277.9,278.3,276.4,276.9,352.9413
2024-06-18 14:00:00,276.9,285.0,276.7,280.6,1357.2617
2024-06-18 14:15:00,280.6,282.0,277.9,280.1,743.9546
2024-06-18 14:30:00,280.2,280.4,278.0,279.5,536.3342
2024-06-18 14:45:00,279.5,279.9,277.2,277.2,355.2761
2024-06-18 15:00:00,277.1,280.8,275.8,278.5,867.8629
2024-06-18 15:15:00,278.3,281.2,277.9,280.6,343.403
2024-06-18 15:30:00,280.7,284.6,280.4,284.4,794.2888
2024-06-18 15:45:00,284.3,284.3,281.5,281.5,405.8571
2024-06-18 16:00:00,281.6,282.6,280.0,282.1,618.1926
2024-06-18 16:15:00,282.0,283.8,280.0,282.4,1169.9999
2024-06-18 16:30:00,282.2,288.4,282.2,282.8,1283.1607
2024-06-18 16:45:00,282.7,285.2,282.7,283.5,1330.8121
2024-06-18 17:00:00,283.5,284.6,281.6,282.8,1354.7026
2024-06-18 17:15:00,282.8,289.8,282.6,289.6,1677.5293
2024-06-18 17:30:00,289.6,293.7,287.1,287.6,1332.4963
2024-06-18 17:45:00,287.3,287.9,285.3,285.4,934.9826
2024-06-18 18:00:00,285.3,285.6,279.5,280.1,2140.2688
2024-06-18 18:15:00,280.1,280.7,276.6,277.1,2471.2866
2024-06-18 18:30:00,277.0,277.4,273.1,276.5,3937.1182
2024-06-18 18:45:00,276.4,279.6,275.6,277.3,1477.3676
2024-06-18 19:00:00,277.4,280.0,274.3,274.3,921.2359
2024-06-18 19:15:00,274.2,275.5,270.1,271.4,2155.4227
2024-06-18 19:30:00,271.4,275.1,262.8,265.7,6602.9636
2024-06-18 19:45:00,265.6,268.2,264.1,267.4,1544.1511
2024-06-18 20:00:00,267.5,267.9,262.0,263.1,2106.5982
2024-06-18 20:15:00,263.1,265.2,260.6,262.0,1340.4098
2024-06-18 20:30:00,261.9,264.3,259.2,263.4,2283.9802
2024-06-18 20:45:00,263.4,265.0,258.9,260.3,2315.5643
2024-06-18 21:00:00,260.2,266.0,256.7,265.5,3078.7854
2024-06-18 21:15:00,265.4,270.2,264.9,267.7,2276.6116
2024-06-18 21:30:00,267.5,272.7,264.9,270.4,2783.3674
2024-06-18 21:45:00,270.3,271.7,264.0,264.7,2213.3167
2024-06-18 22:00:00,264.6,275.2,264.0,273.9,4580.9424
2024-06-18 22:15:00,273.9,275.4,270.6,272.6,1753.6751
2024-06-18 22:30:00,272.6,275.3,272.0,273.9,1053.3784
2024-06-18 22:45:00,273.8,274.3,271.3,272.1,622.3223
2024-06-18 23:00:00,272.0,272.6,266.9,268.3,1412.9345
2024-06-18 23:15:00,268.2,270.7,265.4,270.7,1201.185
2024-06-18 23:30:00,270.6,272.9,267.5,271.3,856.7104
2024-06-18 23:45:00,271.2,274.6,269.0,274.4,812.0353
2024-06-19 00:00:00,274.4,276.2,271.4,274.4,876.1523
2024-06-19 00:15:00,274.3,274.9,271.6,272.8,660.2158
2024-06-19 00:30:00,272.8,275.7,271.8,275.5,872.5763
2024-06-19 00:45:00,275.5,275.5,271.5,272.3,695.8941
2024-06-19 01:00:00,272.2,273.2,269.8,271.9,574.503
2024-06-19 01:15:00,271.9,273.8,270.6,273.2,710.8286
2024-06-19 01:30:00,273.2,274.3,271.1,272.1,625.0573
2024-06-19 01:45:00,272.1,273.1,270.2,270.2,642.4784
2024-06-19 02:00:00,270.2,271.3,268.1,268.5,884.4594
2024-06-19 02:15:00,268.5,269.8,268.1,268.9,905.7001
2024-06-19 02:30:00,268.9,269.9,268.2,268.2,502.3648
2024-06-19 02:45:00,268.3,270.7,266.0,270.7,1054.5289
2024-06-19 03:00:00,270.6,274.6,267.9,271.5,1686.299
2024-06-19 03:15:00,271.5,271.6,267.1,269.9,1045.8743
2024-06-19 03:30:00,269.6,271.4,267.5,270.7,951.1121
2024-06-19 03:45:00,270.7,277.7,270.7,276.2,1662.4592
2024-06-19 04:00:00,276.1,279.4,273.8,278.0,1205.2702
2024-06-19 04:15:00,278.1,280.5,277.5,278.9,1403.8298
2024-06-19 04:30:00,279.0,283.4,278.5,282.0,1331.1885
2024-06-19 04:45:00,282.0,290.2,281.6,283.9,2000.2295
2024-06-19 05:00:00,284.0,285.7,282.4,284.5,907.87
2024-06-19 05:15:00,284.5,287.8,283.8,285.8,623.8271
2024-06-19 05:30:00,285.8,289.1,284.9,287.8,680.2774
2024-06-19 05:45:00,287.9,288.4,285.8,287.9,587.9261
2024-06-19 06:00:00,287.7,290.9,287.0,289.9,579.0931
2024-06-19 06:15:00,289.9,294.8,289.7,293.0,1100.8818
2024-06-19 06:30:00,293.1,294.2,289.4,289.6,1392.8041
2024-06-19 06:45:00,289.6,294.1,289.6,293.6,997.8236
2024-06-19 07:00:00,293.6,293.6,288.7,289.0,1041.9081
2024-06-19 07:15:00,289.0,289.2,285.7,286.1,1135.2375
2024-06-19 07:30:00,286.2,288.2,285.7,287.9,766.0278
2024-06-19 07:45:00,287.9,291.6,287.1,288.3,1452.5921
2024-06-19 08:00:00,288.2,298.1,287.7,297.0,2119.0116
2024-06-19 08:15:00,296.8,297.6,293.7,296.5,1163.3307
2024-06-19 08:30:00,296.3,296.7,292.0,292.6,879.988
2024-06-19 08:45:00,292.7,292.7,289.4,290.9,1626.143
2024-06-19 09:00:00,291.0,296.1,290.7,292.7,821.6493
2024-06-19 09:15:00,292.7,298.3,292.6,298.0,914.1053
2024-06-19 09:30:00,297.9,298.2,291.0,293.7,1657.7854
2024-06-19 09:45:00,293.8,296.0,291.1,294.5,812.4721
2024-06-19 10:00:00,294.4,295.8,292.5,292.8,847.063
2024-06-19 10:15:00,292.6,295.0,291.0,292.4,907.7603
2024-06-19 10:30:00,292.5,293.5,290.2,290.8,707.3813
2024-06-19 10:45:00,290.7,292.1,289.8,290.2,488.001
2024-06-19 11:00:00,290.3,293.4,289.4,292.5,886.1311
2024-06-19 11:15:00,292.6,293.2,291.2,292.4,619.4545
2024-06-19 11:30:00,292.4,295.0,291.7,295.0,404.7331
2024-06-19 11:45:00,294.9,296.3,293.4,293.5,405.2348
2024-06-19 12:00:00,293.3,296.0,293.3,295.1,353.3668
2024-06-19 12:15:00,294.9,297.2,294.2,295.5,363.8549
2024-06-19 12:30:00,295.6,297.8,295.0,295.2,365.0124
2024-06-19 12:45:00,295.1,295.5,292.3,294.7,772.8277
2024-06-19 13:00:00,294.8,296.6,294.3,296.5,530.8327
2024-06-19 13:15:00,296.4,296.7,294.1,294.4,284.9416
2024-06-19 13:30:00,294.5,298.0,294.1,297.9,668.2223
2024-06-19 13:45:00,298.0,301.0,297.2,300.5,1289.186
2024-06-19 14:00:00,300.3,303.1,299.1,300.5,1492.9177
2024-06-19 14:15:00,300.4,301.0,295.0,296.0,735.4885
2024-06-19 14:30:00,296.0,308.9,295.9,303.7,4243.7697
2024-06-19 14:45:00,303.8,305.1,302.2,303.9,1255.8566
2024-06-19 15:00:00,304.0,306.1,301.5,301.8,1232.7891
2024-06-19 15:15:00,301.8,302.6,299.1,299.3,943.6184
2024-06-19 15:30:00,299.1,305.2,295.7,301.7,1756.8312
2024-06-19 15:45:00,301.7,302.8,300.4,301.3,1043.9698
2024-06-19 16:00:00,301.2,304.0,300.9,303.5,1066.2484
2024-06-19 16:15:00,303.5,303.9,300.2,302.0,727.7832
2024-06-19 16:30:00,302.2,303.4,300.2,300.6,588.2923
2024-06-19 16:45:00,300.6,303.6,300.4,301.9,558.1537
2024-06-19 17:00:00,301.8,305.6,301.8,302.7,737.059
2024-06-19 17:15:00,302.7,305.5,302.2,304.1,618.4616
2024-06-19 17:30:00,304.1,307.6,303.7,307.1,924.7477
2024-06-19 17:45:00,307.2,309.7,306.4,309.5,908.5529
2024-06-19 18:00:00,309.4,310.9,305.6,307.6,1572.9075
2024-06-19 18:15:00,307.7,308.0,304.0,305.2,715.059
2024-06-19 18:30:00,305.2,306.1,301.6,302.7,802.0737
2024-06-19 18:45:00,302.7,303.8,300.5,303.8,576.3813
2024-06-19 19:00:00,303.8,308.1,303.0,305.4,1154.6352
2024-06-19 19:15:00,305.3,306.7,304.0,305.9,765.6916
2024-06-19 19:30:00,306.0,308.7,304.9,308.2,1107.5037
2024-06-19 19:45:00,308.2,310.9,307.5,310.4,1707.4843
2024-06-19 20:00:00,310.4,313.2,309.3,312.8,1827.4541
2024-06-19 20:15:00,312.8,319.5,310.5,312.9,2703.1081
2024-06-19 20:30:00,312.9,312.9,308.6,310.0,2598.9151
2024-06-19 20:45:00,309.9,310.5,308.0,308.9,1171.8037
2024-06-19 21:00:00,308.8,311.1,306.4,306.7,1041.4666
2024-06-19 21:15:00,306.7,307.1,302.2,302.7,1510.7651
2024-06-19 21:30:00,302.6,305.8,301.8,303.8,927.6127
2024-06-19 21:45:00,303.8,307.3,300.6,304.1,1866.6716
2024-06-19 22:00:00,304.1,304.3,299.9,303.2,2086.6507
2024-06-19 22:15:00,303.1,303.3,300.0,301.0,898.6269
2024-06-19 22:30:00,300.7,303.5,300.7,303.5,459.7517
2024-06-19 22:45:00,303.5,304.4,302.4,303.8,442.5808
2024-06-19 23:00:00,303.7,306.4,303.5,303.9,857.5438
2024-06-19 23:15:00,303.9,304.7,301.1,304.2,708.5481
2024-06-19 23:30:00,304.3,305.0,301.6,304.4,744.7946
2024-06-19 23:45:00,304.5,306.3,303.0,304.1,790.7501
2024-06-20 00:00:00,304.1,306.4,300.6,302.2,2243.8852
2024-06-20 00:15:00,302.1,305.0,300.7,302.3,1346.2047
2024-06-20 00:30:00,302.2,302.3,300.0,301.6,589.0262
2024-06-20 00:45:00,301.5,303.5,300.7,301.0,531.984
2024-06-20 01:00:00,301.0,301.8,298.2,299.2,613.5933
2024-06-20 01:15:00,299.2,301.0,299.0,299.5,420.0398
2024-06-20 01:30:00,299.4,300.8,296.8,300.3,723.876
2024-06-20 01:45:00,300.2,301.5,299.3,299.6,399.0288
2024-06-20 02:00:00,299.6,300.5,298.6,299.5,554.1032
2024-06-20 02:15:00,299.4,300.1,295.8,296.9,824.3973
2024-06-20 02:30:00,297.0,298.3,295.0,296.0,747.9409
2024-06-20 02:45:00,296.0,297.5,295.1,296.8,618.2574
2024-06-20 03:00:00,296.8,297.7,295.1,296.9,790.4969
2024-06-20 03:15:00,296.9,297.1,294.5,296.0,1087.4598
2024-06-20 03:30:00,295.9,297.8,294.5,294.5,750.8152
2024-06-20 03:45:00,294.5,295.5,293.5,295.3,646.3495
2024-06-20 04:00:00,295.2,299.0,294.7,296.9,786.744
2024-06-20 04:15:00,296.8,297.5,294.0,295.2,369.1313
2024-06-20 04:30:00,295.2,296.6,294.3,296.6,406.9429
2024-06-20 04:45:00,296.6,298.2,295.9,297.4,593.5483
2024-06-20 05:00:00,297.4,298.2,296.0,296.8,357.7217
2024-06-20 05:15:00,296.7,297.9,296.3,297.6,298.3454
2024-06-20 05:30:00,297.5,298.5,297.2,298.4,163.5665
2024-06-20 05:45:00,298.3,298.6,296.5,296.8,189.1405
2024-06-20 06:00:00,296.8,298.0,296.3,298.0,119.9736
2024-06-20 06:15:00,298.0,299.8,297.6,298.5,144.3503
2024-06-20 06:30:00,298.5,298.5,296.2,296.9,200.2304
2024-06-20 06:45:00,296.8,299.7,296.8,299.5,238.8508
2024-06-20 07:00:00,299.4,300.4,296.9,300.2,636.481
2024-06-20 07:15:00,300.2,300.2,297.0,297.3,490.2565
2024-06-20 07:30:00,297.4,301.4,297.4,300.6,302.8637
2024-06-20 07:45:00,300.5,300.5,297.2,299.7,278.091
2024-06-20 08:00:00,299.6,300.6,297.2,300.4,294.6595
2024-06-20 08:15:00,300.6,304.4,299.4,304.3,730.3628
2024-06-20 08:30:00,304.4,306.5,302.3,304.7,864.1338
2024-06-20 08:45:00,304.8,305.2,302.1,304.3,737.3708
2024-06-20 09:00:00,304.2,304.7,299.8,300.8,755.8441
2024-06-20 09:15:00,300.9,302.8,299.8,301.9,404.3672
2024-06-20 09:30:00,301.7,304.4,300.4,301.4,410.3398
2024-06-20 09:45:00,301.3,302.9,300.8,301.6,233.8399
2024-06-20 10:00:00,301.6,301.6,298.5,298.6,417.2844
2024-06-20 10:15:00,298.6,300.6,297.7,300.4,299.3367
2024-06-20 10:30:00,300.4,301.9,300.3,301.7,229.1797
2024-06-20 10:45:00,301.7,303.1,299.8,301.2,291.085
2024-06-20 11:00:00,301.0,301.5,298.7,298.8,467.0122
2024-06-20 11:15:00,298.8,302.6,298.7,302.3,494.9726
2024-06-20 11:30:00,302.3,305.4,302.3,303.9,840.261
2024-06-20 11:45:00,304.0,308.4,304.0,308.0,1146.5124
2024-06-20 12:00:00,308.1,309.9,307.1,308.7,548.9972
2024-06-20 12:15:00,308.7,309.8,307.3,307.7,489.2081
2024-06-20 12:30:00,307.7,312.3,307.7,311.8,1041.7517
2024-06-20 12:45:00,311.9,313.7,311.7,313.1,1025.7406
2024-06-20 13:00:00,313.1,315.7,312.4,314.4,846.3582
2024-06-20 13:15:00,314.5,314.5,310.7,312.7,1201.4232
2024-06-20 13:30:00,312.7,313.0,310.2,310.7,498.1303
2024-06-20 13:45:00,310.6,311.6,308.2,308.9,649.7796
2024-06-20 14:00:00,308.8,310.9,308.5,308.7,501.7171
2024-06-20 14:15:00,308.7,312.0,308.7,311.6,497.4597
2024-06-20 14:30:00,311.7,315.0,311.7,314.3,1096.8786
2024-06-20 14:45:00,314.4,319.0,313.8,318.9,2834.0668
2024-06-20 15:00:00,319.0,320.0,314.6,317.5,1443.263
2024-06-20 15:15:00,317.4,321.0,316.4,317.8,1079.2794
2024-06-20 15:30:00,317.7,319.6,317.1,318.1,442.7401
2024-06-20 15:45:00,318.2,320.6,315.4,318.8,906.081
2024-06-20 16:00:00,318.9,320.0,315.8,316.1,502.1104
2024-06-20 16:15:00,316.3,317.9,316.2,316.9,332.0539
2024-06-20 16:30:00,316.8,317.7,310.5,311.5,2168.5125
2024-06-20 16:45:00,311.4,312.0,310.4,311.8,394.3566
2024-06-20 17:00:00,311.9,312.1,308.3,309.7,882.0656
2024-06-20 17:15:00,309.7,311.5,308.6,309.9,460.3108
2024-06-20 17:30:00,309.9,312.9,309.8,311.8,485.2923
2024-06-20 17:45:00,311.8,313.4,310.1,312.1,917.4888
2024-06-20 18:00:00,312.2,314.6,311.4,313.4,767.6997
2024-06-20 18:15:00,313.4,314.3,311.1,313.9,509.4958
2024-06-20 18:30:00,314.0,314.8,311.4,311.7,752.2378
2024-06-20 18:45:00,311.7,312.7,310.5,310.7,524.3162
2024-06-20 19:00:00,310.9,311.0,308.1,309.7,1447.3221
2024-06-20 19:15:00,309.6,309.9,307.1,308.9,777.9215
2024-06-20 19:30:00,309.0,310.4,306.7,307.3,477.8401
2024-06-20 19:45:00,307.3,308.7,306.6,308.6,330.0294
2024-06-20 20:00:00,308.6,310.9,308.3,310.1,662.2364
2024-06-20 20:15:00,310.1,310.6,302.4,304.4,1891.7305
2024-06-20 20:30:00,304.2,305.7,302.2,304.9,1137.1091
2024-06-20 20:45:00,304.9,306.7,302.8,303.3,1431.4581
2024-06-20 21:00:00,303.1,305.6,298.7,299.7,2589.2648
2024-06-20 21:15:00,299.6,303.5,297.3,303.3,1295.71
2024-06-20 21:30:00,303.3,305.1,302.0,302.1,664.7843
2024-06-20 21:45:00,302.1,304.3,301.7,303.9,404.4317
2024-06-20 22:00:00,303.8,304.5,301.7,302.3,627.5818
2024-06-20 22:15:00,302.3,302.3,300.4,300.8,340.9403
2024-06-20 22:30:00,300.9,305.0,300.5,304.3,854.7882
2024-06-20 22:45:00,304.3,304.5,300.6,300.6,289.9639
2024-06-20 23:00:00,300.8,302.1,296.2,298.8,1449.8864
2024-06-20 23:15:00,298.8,300.9,295.6,295.9,1968.435
2024-06-20 23:30:00,295.9,300.7,295.2,300.6,685.4784
2024-06-20 23:45:00,300.6,303.5,298.7,299.4,695.3629
2024-06-21 00:00:00,299.3,302.5,297.9,301.7,566.9581
2024-06-21 00:15:00,301.6,304.4,301.6,303.0,440.2355
2024-06-21 00:30:00,303.1,305.5,303.1,304.4,333.2096
2024-06-21 00:45:00,304.4,306.1,303.5,305.3,272.8928
2024-06-21 01:00:00,305.3,307.2,304.3,304.4,633.7838
2024-06-21 01:15:00,304.2,305.4,303.2,304.1,478.3657
2024-06-21 01:30:00,304.0,305.6,303.7,304.7,361.1924
2024-06-21 01:45:00,304.6,305.3,304.3,304.5,162.3835
2024-06-21 02:00:00,304.4,305.5,304.4,304.7,274.3587
2024-06-21 02:15:00,304.7,304.9,301.8,304.0,543.9172
2024-06-21 02:30:00,303.8,304.2,302.9,304.1,173.0369
2024-06-21 02:45:00,304.0,304.9,303.6,304.8,210.1945
2024-06-21 03:00:00,305.0,305.4,303.2,303.7,322.6888
2024-06-21 03:15:00,303.6,304.4,303.5,303.8,105.1891
2024-06-21 03:30:00,303.9,304.6,303.8,304.5,155.4147
2024-06-21 03:45:00,304.6,305.1,303.9,304.9,323.7497
2024-06-21 04:00:00,304.8,305.2,302.5,302.6,488.5043
2024-06-21 04:15:00,302.6,302.9,301.8,302.2,218.7976
2024-06-21 04:30:00,302.3,302.3,300.8,301.0,263.0269
2024-06-21 04:45:00,301.0,301.6,300.9,301.4,81.4139
2024-06-21 05:00:00,301.3,301.8,301.2,301.3,168.1321
2024-06-21 05:15:00,301.3,301.4,299.9,300.4,506.701
2024-06-21 05:30:00,300.5,300.8,299.0,299.9,413.83
2024-06-21 05:45:00,299.7,300.2,299.6,300.1,122.0635
2024-06-21 06:00:00,300.1,302.1,299.5,299.9,441.7092
2024-06-21 06:15:00,299.9,300.4,298.4,298.7,126.7383
2024-06-21 06:30:00,298.8,299.8,298.8,299.6,111.0042
2024-06-21 06:45:00,299.4,300.0,298.5,299.1,216.7646
2024-06-21 07:00:00,299.1,300.4,295.3,295.5,540.247
2024-06-21 07:15:00,295.5,296.3,293.8,295.7,597.0202
2024-06-21 07:30:00,295.6,297.7,294.4,297.2,362.9754
2024-06-21 07:45:00,297.1,297.3,294.3,295.2,303.7055
2024-06-21 08:00:00,295.3,298.5,294.7,297.1,326.752
2024-06-21 08:15:00,297.1,298.6,296.4,298.6,341.6634
2024-06-21 08:30:00,298.6,301.2,298.4,299.4,653.4255
2024-06-21 08:45:00,299.5,300.5,298.8,299.3,238.5307
2024-06-21 09:00:00,299.3,301.2,297.5,298.0,272.2357
2024-06-21 09:15:00,298.0,299.0,297.1,298.4,217.1756
2024-06-21 09:30:00,298.4,299.2,296.6,298.1,195.4592
2024-06-21 09:45:00,298.1,298.9,297.4,298.4,151.5926
2024-06-21 10:00:00,298.4,299.4,298.1,298.2,174.1022
2024-06-21 10:15:00,298.2,298.9,297.6,298.0,85.3075
2024-06-21 10:30:00,298.0,299.7,297.6,298.7,242.8825
2024-06-21 10:45:00,298.5,299.0,297.6,297.6,118.3977
2024-06-21 11:00:00,297.7,298.6,296.5,297.3,422.7927
2024-06-21 11:15:00,297.4,299.8,297.3,298.4,86.796
2024-06-21 11:30:00,298.3,299.8,298.3,299.4,72.2115
2024-06-21 11:45:00,299.3,300.0,298.8,299.6,159.0536
2024-06-21 12:00:00,299.3,299.6,296.3,296.7,142.953
2024-06-21 12:15:00,296.8,297.4,296.0,297.2,210.3088
2024-06-21 12:30:00,297.2,306.0,296.4,300.1,1054.1248
2024-06-21 12:45:00,300.0,301.6,299.7,300.8,365.2856
2024-06-21 13:00:00,300.7,301.2,299.1,299.7,178.2053
2024-06-21 13:15:00,299.7,300.1,296.9,297.0,250.2663
2024-06-21 13:30:00,297.0,297.9,296.4,296.9,319.3015
2024-06-21 13:45:00,296.9,297.6,296.5,297.0,319.0298
2024-06-21 14:00:00,297.1,298.0,295.8,296.9,295.7486
2024-06-21 14:15:00,296.9,298.5,296.4,298.1,320.9286
2024-06-21 14:30:00,298.1,298.4,295.7,295.8,189.5475
2024-06-21 14:45:00,295.6,295.7,291.8,293.2,1124.593
2024-06-21 15:00:00,293.3,297.9,290.8,294.0,1038.3526
2024-06-21 15:15:00,294.1,299.5,294.1,296.0,655.8029
2024-06-21 15:30:00,296.1,298.1,295.6,297.4,486.4444
2024-06-21 15:45:00,297.4,297.8,290.7,292.0,1225.7635
2024-06-21 16:00:00,292.0,295.3,291.1,294.4,1255.1235
2024-06-21 16:15:00,294.4,296.3,293.4,296.0,646.4206
2024-06-21 16:30:00,296.0,301.2,296.0,299.7,1641.5287
2024-06-21 16:45:00,299.9,301.4,299.7,300.4,717.8016
2024-06-21 17:00:00,300.4,301.3,292.3,293.5,3015.8586
2024-06-21 17:15:00,293.6,294.9,292.9,293.4,435.4349
2024-06-21 17:30:00,293.3,294.8,293.1,294.4,372.9815
2024-06-21 17:45:00,294.3,294.9,292.4,292.6,677.7869
2024-06-21 18:00:00,292.5,295.2,292.5,293.3,285.3343
2024-06-21 18:15:00,293.4,295.5,293.4,294.1,348.7435
2024-06-21 18:30:00,294.2,294.4,290.4,290.8,542.1282
2024-06-21 18:45:00,290.7,291.0,288.9,290.8,1014.5594
2024-06-21 19:00:00,290.8,293.2,290.6,290.7,553.6325
2024-06-21 19:15:00,290.8,293.1,290.0,292.7,688.2898
2024-06-21 19:30:00,292.8,293.2,291.2,291.4,566.2608
2024-06-21 19:45:00,291.3,293.8,290.2,293.6,470.0487
2024-06-21 20:00:00,293.4,294.3,291.4,291.8,361.1995
2024-06-21 20:15:00,291.8,292.4,289.0,289.0,768.7807
2024-06-21 20:30:00,289.1,290.0,286.7,287.5,1146.2075
2024-06-21 20:45:00,287.4,287.9,280.1,284.4,7950.8811
2024-06-21 21:00:00,284.4,284.7,282.1,284.1,1506.5026
2024-06-21 21:15:00,284.2,290.8,284.2,287.6,1736.0422
2024-06-21 21:30:00,287.6,290.9,287.6,289.1,658.7807
2024-06-21 21:45:00,289.0,293.3,289.0,291.2,707.1177
2024-06-21 22:00:00,291.2,293.4,291.1,291.1,566.9127
2024-06-21 22:15:00,291.2,291.3,285.1,287.0,989.9806
2024-06-21 22:30:00,286.9,288.6,283.3,285.2,1398.8496
2024-06-21 22:45:00,285.2,287.5,284.7,287.2,439.645
2024-06-21 23:00:00,287.2,290.2,285.9,288.8,482.7833
2024-06-21 23:15:00,288.8,295.0,286.9,288.5,1689.738
2024-06-21 23:30:00,288.5,289.9,287.8,288.2,263.7025
2024-06-21 23:45:00,288.0,288.8,287.1,287.9,157.8812
2024-06-22 00:00:00,287.9,289.2,286.7,286.7,416.6087
2024-06-22 00:15:00,286.6,286.7,282.6,283.3,612.4199
2024-06-22 00:30:00,283.2,285.2,282.1,284.8,352.1338
2024-06-22 00:45:00,284.7,285.1,283.0,283.6,241.7669
2024-06-22 01:00:00,283.6,285.5,283.5,284.7,214.0891
2024-06-22 01:15:00,284.6,286.2,282.7,284.7,252.0381
2024-06-22 01:30:00,284.5,287.0,284.5,284.7,1374.8872
2024-06-22 01:45:00,284.8,288.3,284.8,288.1,1055.1583
2024-06-22 02:00:00,288.1,288.5,286.2,286.9,420.3353
2024-06-22 02:15:00,286.8,288.8,286.7,288.6,524.2526
2024-06-22 02:30:00,288.6,290.5,288.1,290.2,377.811
2024-06-22 02:45:00,290.2,290.3,288.9,289.8,268.8725
2024-06-22 03:00:00,289.7,290.8,288.8,289.8,432.9783
2024-06-22 03:15:00,289.8,291.8,289.4,290.3,267.6345
2024-06-22 03:30:00,290.3,290.3,286.0,286.4,1527.2833
2024-06-22 03:45:00,286.6,286.8,285.5,286.2,404.3351
2024-06-22 04:00:00,286.1,287.9,286.0,287.5,554.1874
2024-06-22 04:15:00,287.6,288.0,285.4,285.8,210.4847
2024-06-22 04:30:00,285.8,287.0,284.8,286.6,244.1994
2024-06-22 04:45:00,286.6,287.3,286.5,287.1,115.7831
2024-06-22 05:00:00,287.1,287.6,286.6,286.9,158.7021
2024-06-22 05:15:00,286.9,288.3,286.9,287.9,128.5553
2024-06-22 05:30:00,287.8,287.9,287.1,287.6,164.5922
2024-06-22 05:45:00,287.6,287.8,286.7,286.7,64.3094
2024-06-22 06:00:00,286.7,287.5,285.7,285.8,164.0255
2024-06-22 06:15:00,285.8,285.8,285.1,285.6,83.0157
2024-06-22 06:30:00,285.6,286.1,285.4,285.7,79.9207
2024-06-22 06:45:00,285.9,286.4,285.8,286.2,76.1085
2024-06-22 07:00:00,286.2,286.4,284.8,285.5,220.0075
2024-06-22 07:15:00,285.6,286.0,282.8,283.0,131.1071
2024-06-22 07:30:00,283.1,283.8,281.7,281.8,192.428
2024-06-22 07:45:00,281.7,283.3,281.5,283.1,253.8015
2024-06-22 08:00:00,283.1,285.2,282.9,284.6,202.3058
2024-06-22 08:15:00,284.6,285.2,283.2,284.8,184.6261
2024-06-22 08:30:00,284.8,286.5,284.3,285.6,451.1102
2024-06-22 08:45:00,285.6,287.2,285.5,286.2,196.3475
2024-06-22 09:00:00,286.3,287.7,286.3,287.3,178.8744
2024-06-22 09:15:00,287.3,288.0,286.3,286.5,107.2704
2024-06-22 09:30:00,286.5,288.9,286.5,288.8,178.1035
2024-06-22 09:45:00,288.7,288.7,287.4,287.6,83.0259
2024-06-22 10:00:00,287.5,288.5,287.3,288.3,164.3586
2024-06-22 10:15:00,288.2,288.7,285.8,286.6,133.5724
2024-06-22 10:30:00,286.6,286.6,285.1,285.8,176.0373
2024-06-22 10:45:00,285.7,286.9,285.5,286.6,147.0562
2024-06-22 11:00:00,286.6,286.6,285.1,285.3,141.4669
2024-06-22 11:15:00,285.5,286.2,285.2,285.4,133.356
2024-06-22 11:30:00,285.5,286.3,285.2,285.9,192.3027
2024-06-22 11:45:00,285.8,286.2,285.4,286.1,107.7633
2024-06-22 12:00:00,286.0,286.1,284.1,284.2,235.6587
2024-06-22 12:15:00,284.2,285.4,284.1,285.4,98.026
2024-06-22 12:30:00,285.3,286.1,285.1,285.3,204.764
2024-06-22 12:45:00,285.2,285.9,285.2,285.5,115.3263
2024-06-22 13:00:00,285.6,285.7,283.6,284.0,255.274
2024-06-22 13:15:00,283.9,284.8,283.6,284.7,174.7637
2024-06-22 13:30:00,284.7,284.7,283.8,284.3,92.0117
2024-06-22 13:45:00,284.3,284.5,283.3,283.9,87.4555
2024-06-22 14:00:00,283.8,284.2,282.8,282.8,204.6423
2024-06-22 14:15:00,282.8,282.9,281.9,282.4,416.825
2024-06-22 14:30:00,282.4,283.3,282.0,283.3,160.8243
2024-06-22 14:45:00,283.0,284.0,282.7,283.7,125.9331
2024-06-22 15:00:00,283.8,284.6,282.7,283.8,177.7507
2024-06-22 15:15:00,283.8,283.8,281.6,282.6,191.7675
2024-06-22 15:30:00,282.5,282.8,281.5,282.4,497.0856
2024-06-22 15:45:00,282.5,282.7,281.1,281.3,134.2599
2024-06-22 16:00:00,281.4,281.8,279.9,281.7,827.0463
2024-06-22 16:15:00,281.7,283.5,281.6,282.5,311.5842
2024-06-22 16:30:00,282.4,283.2,281.9,282.3,265.0449
2024-06-22 16:45:00,282.1,283.5,281.9,282.6,132.4728
2024-06-22 17:00:00,282.6,282.8,281.7,282.1,142.3579
2024-06-22 17:15:00,282.1,283.4,281.5,282.7,528.503
2024-06-22 17:30:00,282.8,284.4,281.9,283.8,176.3526
2024-06-22 17:45:00,283.8,285.3,283.8,284.7,153.5239
2024-06-22 18:00:00,284.7,286.4,284.1,284.1,334.9033
2024-06-22 18:15:00,284.1,284.5,283.1,283.4,157.76
2024-06-22 18:30:00,283.3,283.3,282.5,282.7,104.3384
2024-06-22 18:45:00,282.8,283.2,281.7,282.7,278.4374
2024-06-22 19:00:00,282.7,283.4,282.6,283.2,172.3932
2024-06-22 19:15:00,283.4,285.0,283.3,284.8,181.4115
2024-06-22 19:30:00,284.8,285.3,284.2,285.0,137.6555
2024-06-22 19:45:00,284.8,284.9,281.4,281.7,403.2445
2024-06-22 20:00:00,281.8,282.4,281.0,281.9,318.6371
2024-06-22 20:15:00,281.7,282.9,281.6,282.6,59.3557
2024-06-22 20:30:00,282.5,283.5,281.7,281.9,295.7693
2024-06-22 20:45:00,281.8,283.1,281.5,281.6,329.8765
2024-06-22 21:00:00,281.7,283.0,281.0,282.4,217.0549
2024-06-22 21:15:00,282.4,284.1,282.4,283.7,180.2061
2024-06-22 21:30:00,283.7,284.2,282.9,283.5,198.0583
2024-06-22 21:45:00,283.4,283.8,282.4,282.7,180.8379
2024-06-22 22:00:00,282.5,283.5,282.1,283.2,210.3606
2024-06-22 22:15:00,283.2,283.9,283.0,283.0,206.7727
2024-06-22 22:30:00,282.9,284.6,282.4,284.2,317.1394
2024-06-22 22:45:00,284.1,285.5,283.6,285.0,586.2954
2024-06-22 23:00:00,285.1,285.4,283.5,283.6,141.6547
2024-06-22 23:15:00,283.6,285.3,283.1,283.3,164.3168
2024-06-22 23:30:00,283.2,283.6,282.1,283.1,178.0571
2024-06-22 23:45:00,283.1,283.2,282.0,282.1,225.8069
2024-06-23 00:00:00,282.1,283.4,281.5,281.8,324.186
2024-06-23 00:15:00,281.8,282.7,280.2,282.3,296.947
2024-06-23 00:30:00,282.4,283.0,281.5,281.5,209.3952
2024-06-23 00:45:00,281.6,282.2,281.4,281.4,95.0516
2024-06-23 01:00:00,281.4,282.0,281.2,281.9,361.9332
2024-06-23 01:15:00,281.8,282.2,281.4,281.6,298.959
2024-06-23 01:30:00,281.6,282.5,281.4,281.8,244.4087
2024-06-23 01:45:00,281.8,281.9,280.7,281.0,178.3745
2024-06-23 02:00:00,281.0,281.2,279.4,279.9,224.6243
2024-06-23 02:15:00,279.9,280.1,278.2,279.3,280.6621
2024-06-23 02:30:00,279.3,279.7,277.3,278.2,478.7094
2024-06-23 02:45:00,278.2,278.5,277.2,278.1,295.5184
2024-06-23 03:00:00,278.1,278.7,276.6,277.8,188.2904
2024-06-23 03:15:00,277.7,278.8,277.0,277.5,191.5883
2024-06-23 03:30:00,277.4,278.1,276.6,277.0,203.6096
2024-06-23 03:45:00,277.1,278.0,276.9,277.7,239.8576
2024-06-23 04:00:00,277.9,278.9,277.5,277.7,292.0765
2024-06-23 04:15:00,277.8,278.2,277.1,277.4,153.8397
2024-06-23 04:30:00,277.3,278.1,277.2,277.8,147.0185
2024-06-23 04:45:00,277.8,280.1,277.8,279.1,157.4816
2024-06-23 05:00:00,279.1,279.7,277.8,278.8,226.1558
2024-06-23 05:15:00,278.7,279.7,278.0,279.1,131.7228
2024-06-23 05:30:00,279.3,280.8,279.1,280.6,161.5731
2024-06-23 05:45:00,280.6,281.6,280.2,281.2,107.0969
2024-06-23 06:00:00,281.2,281.9,280.8,280.9,166.5615
2024-06-23 06:15:00,280.9,281.3,279.8,279.9,96.138
2024-06-23 06:30:00,279.9,279.9,278.1,278.5,197.6065
2024-06-23 06:45:00,278.6,279.7,278.5,279.0,144.6923
2024-06-23 07:00:00,279.2,280.8,278.5,280.6,200.5404
2024-06-23 07:15:00,280.6,282.6,280.3,281.7,476.7887
2024-06-23 07:30:00,281.6,285.2,281.5,284.9,1830.0904
2024-06-23 07:45:00,284.9,285.7,284.0,284.3,443.1096
2024-06-23 08:00:00,284.3,285.5,282.3,282.5,186.9647
2024-06-23 08:15:00,282.5,283.9,281.8,282.9,181.5173
2024-06-23 08:30:00,282.9,284.6,282.3,283.4,133.8313
2024-06-23 08:45:00,283.4,285.1,283.4,284.6,250.3022
2024-06-23 09:00:00,284.7,285.2,283.7,283.9,229.2828
2024-06-23 09:15:00,283.8,284.3,283.1,283.7,237.875
2024-06-23 09:30:00,283.6,284.8,283.0,283.2,197.4749
2024-06-23 09:45:00,283.2,285.2,283.1,285.2,131.1351
2024-06-23 10:00:00,285.2,285.7,284.0,284.0,132.4376
2024-06-23 10:15:00,283.9,284.6,283.8,284.2,100.4984
2024-06-23 10:30:00,284.2,285.1,284.0,284.7,99.9512
2024-06-23 10:45:00,284.8,286.8,284.8,286.5,441.1577
2024-06-23 11:00:00,286.5,287.5,285.1,285.9,266.088
2024-06-23 11:15:00,285.8,286.7,285.8,286.1,49.7129
2024-06-23 11:30:00,286.0,286.8,285.6,285.6,164.6594
2024-06-23 11:45:00,285.7,287.0,285.7,286.5,93.7662
2024-06-23 12:00:00,286.6,287.7,286.1,286.6,175.114
2024-06-23 12:15:00,286.5,286.5,284.6,284.7,186.3029
2024-06-23 12:30:00,284.8,285.2,284.1,284.4,164.3175
2024-06-23 12:45:00,284.5,285.6,284.4,284.9,334.4364
2024-06-23 13:00:00,284.9,287.0,284.8,287.0,481.3242
2024-06-23 13:15:00,287.1,288.7,286.7,288.2,190.998
2024-06-23 13:30:00,288.1,288.8,287.0,287.2,184.6928
2024-06-23 13:45:00,287.4,288.6,287.4,288.4,180.6206
2024-06-23 14:00:00,288.2,289.3,288.2,289.0,142.1495
2024-06-23 14:15:00,288.9,290.5,288.7,289.9,293.3368
2024-06-23 14:30:00,289.9,290.5,287.6,288.1,692.3064
2024-06-23 14:45:00,288.2,288.2,286.7,287.4,180.8305
2024-06-23 15:00:00,287.3,287.8,286.4,286.7,207.4506
2024-06-23 15:15:00,286.8,287.3,285.9,286.3,122.0485
2024-06-23 15:30:00,286.4,287.0,286.1,286.5,126.7897
2024-06-23 15:45:00,286.6,287.0,285.9,287.0,178.6396
2024-06-23 16:00:00,287.1,287.9,286.9,287.8,194.6838
2024-06-23 16:15:00,287.8,288.5,286.9,288.2,155.7692
2024-06-23 16:30:00,288.3,288.3,286.0,286.9,234.7908
2024-06-23 16:45:00,286.9,287.8,286.0,287.7,219.6527
2024-06-23 17:00:00,287.7,288.1,285.2,285.4,412.8253
2024-06-23 17:15:00,285.3,285.6,284.3,284.5,247.2711
2024-06-23 17:30:00,284.4,285.3,284.1,285.3,209.4852
2024-06-23 17:45:00,284.9,285.0,283.9,284.4,137.3314
2024-06-23 18:00:00,284.5,285.3,283.3,284.6,135.9458
2024-06-23 18:15:00,284.6,284.7,283.4,283.5,113.1678
2024-06-23 18:30:00,283.6,284.0,281.7,282.2,496.6402
2024-06-23 18:45:00,282.2,283.7,282.0,283.5,227.936
2024-06-23 19:00:00,283.6,283.8,282.8,283.0,101.7076
2024-06-23 19:15:00,283.0,284.9,283.0,284.0,115.0795
2024-06-23 19:30:00,284.1,284.9,283.7,284.4,164.6965
2024-06-23 19:45:00,284.5,284.9,284.1,284.9,55.5315
2024-06-23 20:00:00,284.9,286.8,284.7,285.8,249.481
2024-06-23 20:15:00,285.8,285.9,283.5,283.9,297.8657
2024-06-23 20:30:00,283.9,284.9,283.1,284.8,462.4068
2024-06-23 20:45:00,284.8,285.8,284.5,285.7,229.4146
2024-06-23 21:00:00,285.6,286.5,285.0,285.2,427.0985
2024-06-23 21:15:00,285.2,285.2,283.3,284.2,338.6428
2024-06-23 21:30:00,284.1,284.4,283.0,283.1,137.2212
2024-06-23 21:45:00,283.0,283.7,281.2,281.9,425.2526
2024-06-23 22:00:00,281.8,282.6,281.0,281.8,200.2008
2024-06-23 22:15:00,281.7,283.4,280.9,281.9,305.4985
2024-06-23 22:30:00,281.7,283.0,281.1,281.3,251.6731
2024-06-23 22:45:00,281.4,281.9,279.8,280.2,613.3334
2024-06-23 23:00:00,280.2,281.3,278.2,279.8,779.3773
2024-06-23 23:15:00,279.8,280.7,278.8,279.4,416.9101
2024-06-23 23:30:00,279.3,280.4,279.0,280.0,277.223
2024-06-23 23:45:00,280.0,280.0,276.3,277.3,670.344
2024-06-24 00:00:00,277.3,279.3,277.0,278.7,406.184
2024-06-24 00:15:00,278.8,281.8,278.5,280.2,174.9827
2024-06-24 00:30:00,280.2,282.0,279.9,280.9,339.8012
2024-06-24 00:45:00,280.8,282.8,280.6,282.6,294.178
2024-06-24 01:00:00,282.5,282.9,280.7,280.7,477.2753
2024-06-24 01:15:00,280.7,281.0,279.2,279.3,321.9941
2024-06-24 01:30:00,279.3,280.4,278.7,278.8,212.9474
2024-06-24 01:45:00,278.8,278.8,277.5,278.7,368.5029
2024-06-24 02:00:00,278.6,279.3,278.1,279.1,192.6376
2024-06-24 02:15:00,278.9,279.5,278.6,279.2,122.1834
2024-06-24 02:30:00,279.0,279.3,277.0,279.1,265.241
2024-06-24 02:45:00,279.1,279.8,278.1,278.6,282.6092
2024-06-24 03:00:00,278.5,278.8,276.4,276.9,627.9796
2024-06-24 03:15:00,276.8,276.9,272.7,274.0,1727.7037
2024-06-24 03:30:00,273.8,274.0,270.2,273.1,803.4778
2024-06-24 03:45:00,273.1,274.8,272.9,273.1,230.1149
2024-06-24 04:00:00,273.1,274.2,271.1,271.9,420.5093
2024-06-24 04:15:00,271.9,272.0,269.5,270.1,394.1701
2024-06-24 04:30:00,270.0,273.3,269.9,273.0,320.1166
2024-06-24 04:45:00,272.9,275.9,272.3,275.3,598.4174
2024-06-24 05:00:00,275.3,275.3,272.1,273.1,639.6896
2024-06-24 05:15:00,273.2,273.2,271.2,271.9,574.0606
2024-06-24 05:30:00,271.9,273.0,270.9,272.0,349.1718
2024-06-24 05:45:00,271.9,272.9,271.8,272.8,168.6674
2024-06-24 06:00:00,272.7,273.4,271.1,271.5,451.6784
2024-06-24 06:15:00,271.6,271.6,269.1,269.5,689.0097
2024-06-24 06:30:00,269.4,271.6,269.4,271.5,389.4754
2024-06-24 06:45:00,271.6,272.8,271.2,272.6,144.4536
2024-06-24 07:00:00,272.6,272.8,269.9,272.5,883.2102
2024-06-24 07:15:00,272.4,273.6,271.6,272.5,299.535
2024-06-24 07:30:00,272.4,272.7,269.6,271.7,1209.8404
2024-06-24 07:45:00,271.7,272.0,268.3,270.1,377.9635
2024-06-24 08:00:00,270.1,271.7,270.0,270.2,217.7937
2024-06-24 08:15:00,270.3,271.5,267.5,271.5,465.3591
2024-06-24 08:30:00,271.5,272.0,267.6,268.4,754.41
2024-06-24 08:45:00,268.4,269.8,268.1,269.4,236.2971
2024-06-24 09:00:00,269.5,270.1,268.4,269.5,210.3091
2024-06-24 09:15:00,269.5,270.6,268.7,269.4,112.2437
2024-06-24 09:30:00,269.4,270.3,266.9,267.4,524.9804
2024-06-24 09:45:00,267.3,268.5,264.8,267.1,668.8555
2024-06-24 10:00:00,267.1,269.7,267.0,268.5,430.839
2024-06-24 10:15:00,268.4,269.4,267.8,268.7,283.3961
2024-06-24 10:30:00,268.6,269.4,268.2,268.7,177.0205
2024-06-24 10:45:00,268.8,269.0,267.3,268.4,269.3906
2024-06-24 11:00:00,268.4,269.0,267.2,267.5,127.0199
2024-06-24 11:15:00,267.5,268.1,264.2,265.0,519.5868
2024-06-24 11:30:00,265.1,268.1,265.0,267.3,308.6964
2024-06-24 11:45:00,267.2,269.6,267.2,269.0,154.2597
2024-06-24 12:00:00,269.0,269.7,266.5,266.8,284.2658
2024-06-24 12:15:00,266.9,267.2,263.1,266.3,1481.4117
2024-06-24 12:30:00,266.3,266.6,263.9,265.0,1307.0294
2024-06-24 12:45:00,265.0,267.1,263.1,265.5,1161.8368
2024-06-24 13:00:00,265.5,266.4,264.0,265.6,977.7495
2024-06-24 13:15:00,265.5,266.9,265.3,266.2,332.1135
2024-06-24 13:30:00,266.2,267.2,265.2,265.3,651.3387
2024-06-24 13:45:00,265.2,265.9,264.1,265.8,669.9444
2024-06-24 14:00:00,265.8,265.8,264.7,265.3,499.8429
2024-06-24 14:15:00,265.2,265.2,264.4,264.9,757.9978
2024-06-24 14:30:00,264.9,265.8,263.6,265.7,717.9553
2024-06-24 14:45:00,265.7,266.3,264.3,264.4,327.1736
2024-06-24 15:00:00,264.6,265.5,262.2,262.9,481.9224
2024-06-24 15:15:00,263.0,267.8,262.6,267.4,767.2315
2024-06-24 15:30:00,267.4,270.6,267.4,269.5,1220.4111
2024-06-24 15:45:00,269.5,271.7,269.0,270.2,878.304
2024-06-24 16:00:00,270.2,272.2,269.6,271.6,1064.7695
2024-06-24 16:15:00,271.5,272.0,267.1,267.8,659.7121
2024-06-24 16:30:00,267.7,268.4,259.5,266.9,3436.7545
2024-06-24 16:45:00,267.0,276.0,264.0,273.9,3823.7826
2024-06-24 17:00:00,273.9,278.7,272.8,276.3,1707.5499
2024-06-24 17:15:00,276.1,276.9,274.1,275.1,870.0265
2024-06-24 17:30:00,275.1,275.6,273.4,273.4,374.2088
2024-06-24 17:45:00,273.4,273.8,271.0,272.2,949.3465
2024-06-24 18:00:00,272.3,273.3,271.0,271.5,567.3332
2024-06-24 18:15:00,271.4,271.4,269.0,269.2,509.7835
2024-06-24 18:30:00,269.2,270.9,268.3,270.6,812.0882
2024-06-24 18:45:00,270.6,272.6,270.0,272.1,313.4315
2024-06-24 19:00:00,272.0,275.0,271.6,274.8,511.8225
2024-06-24 19:15:00,274.9,274.9,273.1,273.4,462.7937
2024-06-24 19:30:00,273.4,273.5,270.6,271.1,379.1793
2024-06-24 19:45:00,271.1,271.7,270.6,271.1,206.9023
2024-06-24 20:00:00,271.2,272.1,270.2,270.2,347.4016
2024-06-24 20:15:00,270.1,272.9,268.9,272.7,492.4736
2024-06-24 20:30:00,272.7,275.4,272.0,273.8,632.0839
2024-06-24 20:45:00,273.8,278.6,273.2,278.2,1003.9188
2024-06-24 21:00:00,278.1,282.8,277.3,281.2,1505.8024
2024-06-24 21:15:00,281.2,281.5,278.6,278.9,669.4616
2024-06-24 21:30:00,278.9,281.3,277.2,277.4,1131.1317
2024-06-24 21:45:00,277.4,278.5,275.2,277.1,1303.9168
2024-06-24 22:00:00,277.3,277.8,275.5,277.2,409.3835
2024-06-24 22:15:00,277.1,278.5,276.0,277.3,380.1595
2024-06-24 22:30:00,277.2,277.6,276.1,277.4,229.9202
2024-06-24 22:45:00,277.3,277.5,273.5,275.6,1010.8783
2024-06-24 23:00:00,275.5,276.2,272.7,276.1,896.3261
2024-06-24 23:15:00,276.0,276.7,273.7,274.2,370.2931
2024-06-24 23:30:00,274.1,276.4,273.7,275.1,736.4861
2024-06-24 23:45:00,275.3,277.5,273.7,276.2,1134.4096
2024-06-25 00:00:00,276.0,280.1,275.6,279.3,1713.9819
2024-06-25 00:15:00,279.1,282.6,274.7,274.9,2036.7777
2024-06-25 00:30:00,274.8,277.1,273.9,275.0,1625.8305
2024-06-25 00:45:00,275.0,276.3,273.6,275.2,715.5563
2024-06-25 01:00:00,275.1,275.1,272.1,272.2,1553.4935
2024-06-25 01:15:00,272.2,276.6,270.2,276.1,942.1725
2024-06-25 01:30:00,275.9,276.1,273.4,274.0,518.5154
2024-06-25 01:45:00,273.9,276.4,273.9,274.8,700.0427
2024-06-25 02:00:00,274.9,277.5,274.5,275.0,592.5502
2024-06-25 02:15:00,274.9,274.9,273.2,274.0,290.7216
2024-06-25 02:30:00,274.0,274.7,272.4,273.3,295.0347
2024-06-25 02:45:00,273.3,273.7,270.7,272.2,789.555
2024-06-25 03:00:00,272.3,276.7,272.3,274.5,1207.8508
2024-06-25 03:15:00,274.5,275.4,273.0,273.1,1393.2317
2024-06-25 03:30:00,273.2,276.8,271.4,271.5,2969.9597
2024-06-25 03:45:00,271.4,275.6,271.1,275.4,673.7186
2024-06-25 04:00:00,275.2,279.1,275.1,278.7,858.2849
2024-06-25 04:15:00,278.5,282.8,277.8,281.0,1221.5215
2024-06-25 04:30:00,280.9,283.1,273.2,274.2,3464.8208
2024-06-25 04:45:00,274.2,279.2,273.7,278.8,1124.709
2024-06-25 05:00:00,278.9,279.8,277.2,277.9,1573.6247
2024-06-25 05:15:00,277.9,278.8,276.2,276.5,1093.9621
2024-06-25 05:30:00,276.5,277.0,275.0,275.9,671.3125
2024-06-25 05:45:00,275.9,276.4,273.4,273.7,481.7216
2024-06-25 06:00:00,273.7,275.0,272.9,274.8,449.4966
2024-06-25 06:15:00,274.7,275.1,274.1,274.4,329.497
2024-06-25 06:30:00,274.3,277.0,274.1,276.8,906.8
2024-06-25 06:45:00,276.9,278.1,276.1,276.1,687.4694
2024-06-25 07:00:00,276.1,278.6,275.9,276.5,345.2364
2024-06-25 07:15:00,276.5,277.1,275.4,276.4,262.7615
2024-06-25 07:30:00,276.3,277.8,275.9,277.3,131.6656
2024-06-25 07:45:00,277.4,280.0,277.1,278.5,253.9215
2024-06-25 08:00:00,278.4,278.6,276.6,277.7,341.9669
2024-06-25 08:15:00,277.9,278.0,275.8,276.1,223.0765
2024-06-25 08:30:00,276.0,277.8,274.3,276.5,405.585
2024-06-25 08:45:00,276.6,278.1,276.5,277.9,194.3097
2024-06-25 09:00:00,277.9,278.8,276.7,276.8,340.4733
2024-06-25 09:15:00,276.7,278.9,276.1,278.6,264.1016
2024-06-25 09:30:00,278.7,279.7,277.1,277.8,493.2187
2024-06-25 09:45:00,277.8,279.0,276.2,277.1,1250.4487
2024-06-25 10:00:00,277.0,281.7,276.5,281.5,795.2932
2024-06-25 10:15:00,281.6,282.4,280.6,281.5,558.4138
2024-06-25 10:30:00,281.6,283.6,281.4,283.4,439.2605
2024-06-25 10:45:00,283.2,283.7,281.0,281.1,341.4158
2024-06-25 11:00:00,281.3,281.9,280.2,280.4,309.8643
2024-06-25 11:15:00,280.4,282.3,280.4,281.9,229.6118
2024-06-25 11:30:00,282.0,282.4,279.7,280.3,425.6565
2024-06-25 11:45:00,280.3,282.3,280.0,281.9,366.6278
2024-06-25 12:00:00,281.9,284.5,281.7,284.4,618.6885
2024-06-25 12:15:00,284.4,286.2,282.9,283.1,606.2184
2024-06-25 12:30:00,282.8,283.0,281.1,281.5,432.0177
2024-06-25 12:45:00,281.5,282.9,280.8,281.2,408.4383
2024-06-25 13:00:00,281.1,281.9,277.6,278.4,681.1712
2024-06-25 13:15:00,278.4,280.9,277.8,280.0,733.8785
2024-06-25 13:30:00,280.0,281.1,279.7,280.0,284.2866
2024-06-25 13:45:00,280.0,280.4,279.0,279.8,121.5802
2024-06-25 14:00:00,279.8,280.9,278.1,278.3,469.9938
2024-06-25 14:15:00,278.3,278.7,277.3,277.6,147.874
2024-06-25 14:30:00,277.6,278.5,276.8,277.1,185.5622
2024-06-25 14:45:00,277.1,277.5,276.0,276.4,411.0323
2024-06-25 15:00:00,276.5,279.2,276.5,279.2,511.4547
2024-06-25 15:15:00,279.0,279.1,276.1,276.8,391.4009
2024-06-25 15:30:00,276.8,277.0,274.6,275.0,587.2876
2024-06-25 15:45:00,275.1,275.5,273.9,275.3,404.6473
2024-06-25 16:00:00,275.4,275.8,273.0,274.3,625.2533
2024-06-25 16:15:00,274.3,274.8,273.1,274.1,385.6434
2024-06-25 16:30:00,274.1,276.5,273.7,275.7,353.5329
2024-06-25 16:45:00,275.8,279.0,275.6,278.1,752.5788
2024-06-25 17:00:00,278.0,278.9,276.7,277.2,394.1275
2024-06-25 17:15:00,277.4,278.0,276.6,277.7,369.3379
2024-06-25 17:30:00,277.7,279.1,277.2,279.0,603.6819
2024-06-25 17:45:00,279.0,280.1,278.4,279.7,986.0046
2024-06-25 18:00:00,279.7,283.9,279.5,283.2,1459.7191
2024-06-25 18:15:00,283.2,283.4,280.8,281.2,474.1057
2024-06-25 18:30:00,281.1,281.3,279.4,281.1,613.6078
2024-06-25 18:45:00,281.0,283.0,280.9,281.9,778.1075
2024-06-25 19:00:00,281.8,283.2,280.4,281.0,620.1509
2024-06-25 19:15:00,281.0,282.1,281.0,281.5,290.673
2024-06-25 19:30:00,281.4,282.7,281.2,281.4,285.2736
2024-06-25 19:45:00,281.5,282.4,280.8,281.5,344.9621
2024-06-25 20:00:00,281.5,283.3,281.5,282.8,413.7035
2024-06-25 20:15:00,282.7,284.3,282.3,283.3,741.9486
2024-06-25 20:30:00,283.4,283.5,281.9,282.7,436.5741
2024-06-25 20:45:00,282.7,284.9,282.0,282.9,310.5011
2024-06-25 21:00:00,283.1,283.8,282.0,283.8,286.8187
2024-06-25 21:15:00,283.9,289.0,283.9,288.8,1039.9404
2024-06-25 21:30:00,288.8,291.1,286.0,287.5,2195.4854
2024-06-25 21:45:00,287.5,294.0,287.0,290.4,1871.0758
2024-06-25 22:00:00,290.5,292.1,287.9,288.4,1083.2588
2024-06-25 22:15:00,288.5,291.6,288.4,289.5,987.5431
2024-06-25 22:30:00,289.5,290.6,287.6,288.8,892.5086
2024-06-25 22:45:00,288.7,289.0,287.0,287.4,798.0608
2024-06-25 23:00:00,287.5,287.7,286.1,286.5,752.9012
2024-06-25 23:15:00,286.6,287.5,286.3,286.4,290.2938
2024-06-25 23:30:00,286.3,286.6,285.4,286.1,371.0379
2024-06-25 23:45:00,286.0,286.1,284.0,284.3,358.7408
2024-06-26 00:00:00,284.4,286.3,284.0,286.3,277.8379
2024-06-26 00:15:00,286.2,286.4,284.6,285.7,432.073
2024-06-26 00:30:00,285.8,287.2,285.5,286.6,821.5704
2024-06-26 00:45:00,286.4,288.9,286.4,288.8,573.8695
2024-06-26 01:00:00,288.7,291.3,288.6,291.1,808.3359
2024-06-26 01:15:00,291.1,294.8,291.0,294.6,607.9961
2024-06-26 01:30:00,294.7,295.2,291.7,294.3,944.8476
2024-06-26 01:45:00,294.2,295.1,293.3,293.7,715.8592
2024-06-26 02:00:00,293.6,294.9,291.9,292.2,703.3648
2024-06-26 02:15:00,292.1,294.2,291.8,292.5,434.5439
2024-06-26 02:30:00,292.5,292.5,290.0,290.5,466.8663
2024-06-26 02:45:00,290.5,292.9,290.2,292.2,512.3152
2024-06-26 03:00:00,292.2,292.4,290.3,290.6,490.308
2024-06-26 03:15:00,290.5,292.3,290.5,291.7,228.6658
2024-06-26 03:30:00,291.7,293.0,290.8,292.4,230.4818
2024-06-26 03:45:00,292.4,292.7,291.4,291.5,356.2166
2024-06-26 04:00:00,291.5,292.1,290.0,290.1,402.9194
2024-06-26 04:15:00,290.1,290.3,288.7,289.8,645.3189
2024-06-26 04:30:00,289.7,289.8,288.4,288.9,322.8168
2024-06-26 04:45:00,288.9,289.0,286.9,288.4,274.2525
2024-06-26 05:00:00,288.5,289.7,287.7,289.5,144.2021
2024-06-26 05:15:00,289.5,290.0,289.1,289.8,91.055
2024-06-26 05:30:00,289.9,290.5,289.3,289.5,173.593
2024-06-26 05:45:00,289.6,289.8,289.2,289.6,129.9683
2024-06-26 06:00:00,289.6,290.9,288.4,288.7,226.9004
2024-06-26 06:15:00,288.7,289.3,288.4,289.1,125.0281
2024-06-26 06:30:00,289.2,289.8,288.4,288.8,255.238
2024-06-26 06:45:00,288.8,289.5,288.7,288.7,161.2781
2024-06-26 07:00:00,288.6,288.6,287.0,287.2,463.7202
2024-06-26 07:15:00,287.2,287.8,286.6,286.8,410.3388
2024-06-26 07:30:00,286.9,286.9,285.4,285.4,422.3776
2024-06-26 07:45:00,285.5,286.4,285.3,285.8,221.1193
2024-06-26 08:00:00,285.8,286.8,284.5,286.7,163.6019
2024-06-26 08:15:00,286.8,286.9,284.8,285.3,761.1332
2024-06-26 08:30:00,285.5,287.5,284.8,286.2,544.0443
2024-06-26 08:45:00,286.1,291.9,285.7,288.3,1235.9858
2024-06-26 09:00:00,288.4,289.6,287.4,288.6,328.2328
2024-06-26 09:15:00,288.7,289.9,288.2,289.1,190.8535
2024-06-26 09:30:00,289.1,290.3,288.3,288.3,223.8676
2024-06-26 09:45:00,288.2,288.8,287.4,287.5,187.7375
2024-06-26 10:00:00,287.5,288.4,286.9,287.7,314.3752
2024-06-26 10:15:00,287.7,287.7,285.7,285.9,615.1059
2024-06-26 10:30:00,285.9,286.5,285.2,285.7,276.475
2024-06-26 10:45:00,285.7,286.4,285.6,285.9,221.6359
2024-06-26 11:00:00,285.8,286.8,284.5,285.0,512.9642
2024-06-26 11:15:00,284.9,285.3,284.5,285.0,83.6367
2024-06-26 11:30:00,285.0,285.0,284.0,284.3,368.706
2024-06-26 11:45:00,284.2,286.0,284.1,284.4,314.9349
2024-06-26 12:00:00,284.6,284.7,283.9,284.4,136.1527
2024-06-26 12:15:00,284.5,284.9,283.0,283.1,387.3071
2024-06-26 12:30:00,283.1,283.8,283.0,283.4,292.0488
2024-06-26 12:45:00,283.5,284.4,283.0,283.7,400.8668
2024-06-26 13:00:00,283.7,284.2,283.2,283.5,185.8536
2024-06-26 13:15:00,283.4,284.2,282.9,283.0,257.8002
2024-06-26 13:30:00,283.0,283.6,282.6,283.3,280.4535
2024-06-26 13:45:00,283.2,283.4,282.6,282.8,202.7536
2024-06-26 14:00:00,282.8,283.6,282.4,283.5,390.1603
2024-06-26 14:15:00,283.4,286.3,283.2,284.6,716.3363
2024-06-26 14:30:00,284.8,286.6,283.8,285.9,406.0615
2024-06-26 14:45:00,285.7,286.7,285.5,286.6,176.2675
2024-06-26 15:00:00,286.6,287.4,285.1,285.2,409.8565
2024-06-26 15:15:00,285.3,285.6,283.7,284.8,336.2573
2024-06-26 15:30:00,284.9,285.1,283.1,284.6,257.209
2024-06-26 15:45:00,284.7,285.6,284.6,284.7,128.4136
2024-06-26 16:00:00,284.8,285.9,283.9,285.3,643.5301
2024-06-26 16:15:00,285.3,285.6,283.7,284.7,515.1674
2024-06-26 16:30:00,284.6,287.1,284.4,285.7,559.5217
2024-06-26 16:45:00,285.5,286.2,285.0,285.7,259.2273
2024-06-26 17:00:00,285.6,286.5,282.0,283.8,1545.1373
2024-06-26 17:15:00,283.8,284.1,281.4,283.2,515.9453
2024-06-26 17:30:00,283.1,283.1,281.7,281.8,238.2531
2024-06-26 17:45:00,281.8,283.3,281.5,282.6,164.3502
2024-06-26 18:00:00,282.7,284.6,282.7,284.5,261.0182
2024-06-26 18:15:00,284.5,284.5,281.8,281.9,392.2637
2024-06-26 18:30:00,282.0,283.8,282.0,283.3,248.3504
2024-06-26 18:45:00,283.2,284.2,282.6,283.9,168.0818
2024-06-26 19:00:00,283.9,283.9,281.8,282.0,766.2512
2024-06-26 19:15:00,282.1,283.0,281.6,282.4,129.2558
2024-06-26 19:30:00,282.5,282.7,281.3,281.6,278.6006
2024-06-26 19:45:00,281.5,282.1,281.2,281.9,196.1115
2024-06-26 20:00:00,281.9,282.8,280.1,282.3,1047.8068
2024-06-26 20:15:00,282.2,283.0,282.1,282.7,136.1586
2024-06-26 20:30:00,282.6,288.8,282.1,283.6,1107.816
2024-06-26 20:45:00,283.5,285.6,283.2,284.8,402.4683
2024-06-26 21:00:00,284.9,286.6,284.4,286.0,422.5564
2024-06-26 21:15:00,285.9,286.6,283.1,283.2,588.2263
2024-06-26 21:30:00,283.2,283.5,281.1,282.9,475.3133
2024-06-26 21:45:00,282.7,284.4,282.6,283.7,257.7687
2024-06-26 22:00:00,283.7,284.1,281.9,282.8,367.1352
2024-06-26 22:15:00,282.8,283.2,281.7,281.8,231.623
2024-06-26 22:30:00,282.0,282.2,280.0,281.1,340.0683
2024-06-26 22:45:00,281.1,282.2,280.9,281.4,173.3867
2024-06-26 23:00:00,281.2,281.5,279.5,279.9,393.6797
2024-06-26 23:15:00,279.8,280.0,278.1,279.1,598.5266
2024-06-26 23:30:00,279.0,279.8,278.5,279.8,495.3413
2024-06-26 23:45:00,279.7,279.9,277.3,279.0,549.9855
2024-06-27 00:00:00,279.0,279.0,275.3,276.1,1164.8885
2024-06-27 00:15:00,276.1,277.4,275.6,277.4,431.6975
2024-06-27 00:30:00,277.5,278.9,276.7,276.9,261.8263
2024-06-27 00:45:00,276.9,279.3,276.8,278.8,357.9259
2024-06-27 01:00:00,278.8,279.0,277.7,278.2,171.5216
2024-06-27 01:15:00,278.3,278.9,277.6,278.5,180.4701
2024-06-27 01:30:00,278.5,278.9,277.0,277.5,273.8163
2024-06-27 01:45:00,277.6,278.1,277.1,277.7,151.8051
2024-06-27 02:00:00,277.7,277.9,276.6,277.3,191.4245
2024-06-27 02:15:00,277.4,278.3,277.1,277.6,188.3876
2024-06-27 02:30:00,277.5,279.4,277.2,279.1,471.9578
2024-06-27 02:45:00,279.1,281.1,278.3,281.0,474.8052
2024-06-27 03:00:00,281.0,284.6,280.6,280.7,964.9274
2024-06-27 03:15:00,280.6,281.1,277.8,278.4,994.4846
2024-06-27 03:30:00,278.3,278.8,277.4,278.5,265.3724
2024-06-27 03:45:00,278.4,281.0,278.2,280.4,305.6208
2024-06-27 04:00:00,280.4,280.8,279.4,279.5,323.2991
2024-06-27 04:15:00,279.5,279.9,279.0,279.4,181.0652
2024-06-27 04:30:00,279.4,280.9,279.4,280.9,202.6254
2024-06-27 04:45:00,280.8,281.9,280.7,281.5,278.4519
2024-06-27 05:00:00,281.5,281.9,280.6,281.0,214.712
2024-06-27 05:15:00,281.0,281.3,279.8,279.9,112.3041
2024-06-27 05:30:00,280.0,280.0,278.9,279.0,93.3888
2024-06-27 05:45:00,279.1,279.4,278.8,279.2,45.1248
2024-06-27 06:00:00,279.2,279.3,278.2,278.6,134.0152
2024-06-27 06:15:00,278.5,278.6,277.1,278.1,341.5222
2024-06-27 06:30:00,278.1,279.4,278.1,279.1,254.8046
2024-06-27 06:45:00,279.1,279.9,278.7,279.8,117.7623
2024-06-27 07:00:00,279.9,281.3,279.5,280.1,192.463
2024-06-27 07:15:00,280.0,281.8,278.9,279.2,335.9612
2024-06-27 07:30:00,279.2,281.6,278.8,281.2,136.8076
2024-06-27 07:45:00,281.0,281.0,280.0,280.4,144.4497
2024-06-27 08:00:00,280.4,280.4,278.2,280.2,581.2471
2024-06-27 08:15:00,280.3,281.0,279.0,279.3,141.1423
2024-06-27 08:30:00,279.3,281.3,279.3,280.2,237.8666
2024-06-27 08:45:00,280.4,281.3,279.6,279.9,290.2546
2024-06-27 09:00:00,279.9,280.3,277.6,278.1,232.0833
2024-06-27 09:15:00,278.1,278.7,277.6,278.7,128.9952
2024-06-27 09:30:00,278.9,279.3,277.2,277.4,146.2829
2024-06-27 09:45:00,277.4,279.3,277.4,279.1,94.8331
2024-06-27 10:00:00,279.1,279.1,277.3,277.7,336.791
2024-06-27 10:15:00,277.5,278.5,277.0,278.3,658.6951
2024-06-27 10:30:00,278.3,278.6,276.5,276.5,263.3489
2024-06-27 10:45:00,276.5,277.3,276.3,276.7,169.3202
2024-06-27 11:00:00,276.8,278.0,276.5,277.8,204.5872
2024-06-27 11:15:00,277.8,278.4,277.4,278.2,73.5153
2024-06-27 11:30:00,278.2,279.3,278.2,279.0,157.5976
2024-06-27 11:45:00,278.9,279.1,278.2,278.7,61.0608
2024-06-27 12:00:00,278.7,279.6,277.1,277.7,268.089
2024-06-27 12:15:00,277.8,278.3,276.5,276.7,266.892
2024-06-27 12:30:00,276.7,276.9,275.6,276.8,190.5223
2024-06-27 12:45:00,276.8,277.0,272.4,273.4,1357.2565
2024-06-27 13:00:00,273.4,274.1,272.9,273.8,308.103
2024-06-27 13:15:00,273.7,274.9,273.6,274.9,210.5925
2024-06-27 13:30:00,274.8,275.3,272.1,272.9,466.5772
2024-06-27 13:45:00,272.8,274.3,272.5,273.9,294.9205
2024-06-27 14:00:00,273.9,274.2,272.3,273.1,366.3323
2024-06-27 14:15:00,273.2,274.4,272.8,273.5,195.0044
2024-06-27 14:30:00,273.5,275.4,273.5,274.8,253.8713
2024-06-27 14:45:00,274.8,276.0,273.8,274.9,331.4369
2024-06-27 15:00:00,274.9,276.9,274.7,276.3,324.696
2024-06-27 15:15:00,276.2,277.0,275.5,275.7,274.4008
2024-06-27 15:30:00,275.6,276.1,275.5,275.6,174.138
2024-06-27 15:45:00,275.6,275.8,274.8,275.6,196.317
2024-06-27 16:00:00,275.5,275.7,274.2,274.9,274.1281
2024-06-27 16:15:00,274.9,277.0,274.8,276.5,343.6677
2024-06-27 16:30:00,276.6,278.3,276.5,277.9,301.249
2024-06-27 16:45:00,277.9,280.0,277.9,279.1,366.3422
2024-06-27 17:00:00,279.2,280.4,278.2,278.6,427.6939
2024-06-27 17:15:00,278.6,281.0,278.3,280.7,353.2927
2024-06-27 17:30:00,280.6,281.5,280.1,280.9,513.4466
2024-06-27 17:45:00,280.8,280.8,279.1,279.2,252.3253
2024-06-27 18:00:00,279.2,282.3,278.7,281.6,603.5704
2024-06-27 18:15:00,281.6,282.9,279.9,280.2,413.4034
2024-06-27 18:30:00,280.2,281.0,279.3,280.5,344.0842
2024-06-27 18:45:00,280.4,280.9,279.5,280.6,357.7756
2024-06-27 19:00:00,280.5,284.8,280.4,283.2,709.9328
2024-06-27 19:15:00,283.2,285.3,282.2,284.6,567.0463
2024-06-27 19:30:00,284.6,285.8,282.0,283.7,1371.3445
2024-06-27 19:45:00,283.7,285.0,282.3,284.8,172.0031
2024-06-27 20:00:00,284.9,289.0,284.4,287.9,1476.914
2024-06-27 20:15:00,287.9,290.2,284.0,284.2,3014.6427
2024-06-27 20:30:00,284.2,287.2,284.1,285.3,879.7888
2024-06-27 20:45:00,285.2,286.3,283.7,284.9,740.5042
2024-06-27 21:00:00,284.8,290.6,284.6,290.5,978.2796
2024-06-27 21:15:00,290.5,291.2,288.8,288.8,585.6141
2024-06-27 21:30:00,288.9,289.3,285.0,286.5,1332.6046
2024-06-27 21:45:00,286.5,286.5,282.8,283.2,914.4082
2024-06-27 22:00:00,283.4,284.4,281.6,284.3,528.9562
2024-06-27 22:15:00,284.3,285.1,283.6,284.2,333.1216
2024-06-27 22:30:00,284.2,284.8,283.7,283.8,303.131
2024-06-27 22:45:00,283.8,285.2,283.8,283.8,213.595
2024-06-27 23:00:00,283.8,285.1,283.3,284.0,293.1187
2024-06-27 23:15:00,283.9,284.6,280.3,280.9,495.0691
2024-06-27 23:30:00,280.9,281.4,279.9,281.3,330.666
2024-06-27 23:45:00,281.2,281.3,280.2,280.7,226.466
2024-06-28 00:00:00,280.7,281.4,280.3,281.0,214.9248
2024-06-28 00:15:00,281.0,281.7,280.6,280.9,201.1112
2024-06-28 00:30:00,280.9,281.5,280.0,280.8,247.4828
2024-06-28 00:45:00,280.8,281.6,280.8,281.3,138.4175
2024-06-28 01:00:00,281.3,281.8,281.0,281.2,134.4683
2024-06-28 01:15:00,281.2,281.6,280.6,281.5,142.3567
2024-06-28 01:30:00,281.4,284.3,281.3,282.9,537.3721
2024-06-28 01:45:00,283.0,284.4,282.7,283.8,236.1682
2024-06-28 02:00:00,283.8,284.6,282.7,282.9,292.3994
2024-06-28 02:15:00,283.0,284.5,282.9,283.9,132.5957
2024-06-28 02:30:00,283.8,285.0,283.5,284.1,140.7619
2024-06-28 02:45:00,284.3,284.4,282.5,282.6,123.0423
2024-06-28 03:00:00,282.7,283.0,281.3,282.2,262.3589
2024-06-28 03:15:00,282.1,282.4,281.6,281.7,104.2294
2024-06-28 03:30:00,281.8,282.8,281.1,282.4,215.6821
2024-06-28 03:45:00,282.3,283.4,282.2,283.0,114.0624
2024-06-28 04:00:00,283.1,283.7,282.3,282.4,161.6559
2024-06-28 04:15:00,282.4,283.1,282.4,282.9,64.4519
2024-06-28 04:30:00,282.9,284.7,282.9,284.4,132.0708
2024-06-28 04:45:00,284.4,285.3,284.3,284.7,119.0353
2024-06-28 05:00:00,284.8,285.0,283.5,283.8,177.7345
2024-06-28 05:15:00,283.7,286.2,283.7,284.8,287.9004
2024-06-28 05:30:00,284.9,285.9,284.5,285.0,126.8794
2024-06-28 05:45:00,284.9,285.2,284.7,285.0,58.0494
2024-06-28 06:00:00,285.0,285.9,284.3,284.4,121.2604
2024-06-28 06:15:00,284.4,285.1,284.2,284.3,51.4909
2024-06-28 06:30:00,284.2,285.2,284.1,284.4,94.8047
2024-06-28 06:45:00,284.4,284.9,284.3,284.7,65.8073
2024-06-28 07:00:00,284.4,285.9,284.2,285.2,161.8835
2024-06-28 07:15:00,285.2,285.4,283.5,283.8,111.6052
2024-06-28 07:30:00,283.8,283.8,281.6,282.6,260.8166
2024-06-28 07:45:00,282.6,283.6,282.3,283.4,226.6301
2024-06-28 08:00:00,283.4,284.5,283.0,283.7,74.3329
2024-06-28 08:15:00,284.0,288.7,283.9,287.2,257.6473
2024-06-28 08:30:00,287.0,290.9,287.0,290.9,444.948
2024-06-28 08:45:00,290.9,292.8,289.3,291.4,375.5478
2024-06-28 09:00:00,291.5,292.5,288.4,289.3,283.5109
2024-06-28 09:15:00,289.1,290.4,287.6,287.6,354.5771
2024-06-28 09:30:00,287.6,288.3,286.9,288.1,321.5271
2024-06-28 09:45:00,288.0,288.7,287.0,288.2,492.5801
2024-06-28 10:00:00,288.0,289.5,287.9,288.8,196.4673
2024-06-28 10:15:00,288.9,289.6,287.7,288.9,247.5706
2024-06-28 10:30:00,288.7,289.2,287.3,287.5,236.785
2024-06-28 10:45:00,287.5,287.8,287.2,287.5,127.8904
2024-06-28 11:00:00,287.3,287.5,285.9,286.4,388.3128
2024-06-28 11:15:00,286.4,286.7,284.6,285.0,218.1714
2024-06-28 11:30:00,285.0,285.8,284.6,285.2,173.1115
2024-06-28 11:45:00,285.2,286.4,285.2,286.3,228.6725
2024-06-28 12:00:00,286.2,286.4,284.6,285.0,135.4342
2024-06-28 12:15:00,284.9,284.9,283.4,283.9,184.9136
2024-06-28 12:30:00,283.9,284.6,283.2,283.8,173.5599
2024-06-28 12:45:00,283.7,285.1,283.4,284.3,249.6707
2024-06-28 13:00:00,284.3,284.9,283.6,284.5,238.8138
2024-06-28 13:15:00,284.4,284.4,282.9,283.4,340.9177
2024-06-28 13:30:00,283.3,284.2,282.9,284.1,190.0093
2024-06-28 13:45:00,284.0,284.6,283.7,284.5,165.4874
2024-06-28 14:00:00,284.4,285.0,283.0,283.7,270.731
2024-06-28 14:15:00,283.6,284.0,282.7,283.0,205.7598
2024-06-28 14:30:00,283.0,283.5,282.2,282.4,315.5644
2024-06-28 14:45:00,282.4,284.1,281.6,283.8,430.0068
2024-06-28 15:00:00,283.5,283.8,281.6,282.5,617.5449
2024-06-28 15:15:00,282.6,283.4,282.5,283.3,228.6225
2024-06-28 15:30:00,283.3,283.3,281.6,282.0,574.6531
2024-06-28 15:45:00,282.0,282.2,281.1,281.6,259.3925
2024-06-28 16:00:00,281.5,281.8,281.1,281.3,183.5982
2024-06-28 16:15:00,281.2,281.4,279.9,280.3,322.1615
2024-06-28 16:30:00,280.4,281.5,280.2,281.2,249.1261
2024-06-28 16:45:00,281.3,281.9,280.7,281.3,493.2437
2024-06-28 17:00:00,281.4,281.9,280.8,281.6,186.0656
2024-06-28 17:15:00,281.6,283.2,280.9,282.8,301.2563
2024-06-28 17:30:00,282.9,284.9,282.9,284.0,325.7203
2024-06-28 17:45:00,284.0,284.1,282.9,282.9,260.3869
2024-06-28 18:00:00,282.8,283.5,282.3,282.5,158.505
2024-06-28 18:15:00,282.6,284.3,282.1,283.9,336.8197
2024-06-28 18:30:00,283.8,284.6,283.8,283.9,80.4803
2024-06-28 18:45:00,283.8,284.2,283.3,283.7,261.5159
2024-06-28 19:00:00,283.6,285.1,283.5,284.7,158.7148
2024-06-28 19:15:00,284.6,286.2,284.5,286.2,233.2803
2024-06-28 19:30:00,286.1,287.2,284.0,285.0,1015.6504
2024-06-28 19:45:00,284.9,284.9,281.5,282.3,482.9311
2024-06-28 20:00:00,282.2,282.6,278.4,280.0,548.6307
2024-06-28 20:15:00,280.1,281.5,278.9,281.0,280.2023
2024-06-28 20:30:00,281.0,283.1,279.1,281.1,710.0994
2024-06-28 20:45:00,281.1,281.1,276.8,277.8,1642.2639
2024-06-28 21:00:00,277.8,279.7,277.0,277.7,596.2482
2024-06-28 21:15:00,277.8,278.4,275.7,277.5,489.1217
2024-06-28 21:30:00,277.6,279.0,277.5,277.6,408.3772
2024-06-28 21:45:00,277.6,280.2,277.3,279.9,514.2144
2024-06-28 22:00:00,279.9,280.8,279.0,280.1,290.6979
2024-06-28 22:15:00,280.2,281.6,279.7,281.3,319.7791
2024-06-28 22:30:00,281.4,281.7,280.4,281.0,414.8873
2024-06-28 22:45:00,280.9,283.6,280.6,282.0,365.5249
2024-06-28 23:00:00,281.9,282.1,280.1,281.1,334.9683
2024-06-28 23:15:00,281.2,281.2,279.2,279.7,233.0486
2024-06-28 23:30:00,279.7,280.7,278.7,278.8,205.7119
2024-06-28 23:45:00,278.7,279.1,276.3,279.1,370.6861
2024-06-29 00:00:00,278.8,278.8,277.5,278.7,342.458
2024-06-29 00:15:00,278.6,279.2,277.5,278.6,193.7924
2024-06-29 00:30:00,278.5,278.5,275.1,275.8,370.9399
2024-06-29 00:45:00,275.9,276.2,274.0,275.4,585.1997
2024-06-29 01:00:00,275.3,276.1,274.8,276.1,215.2342
2024-06-29 01:15:00,276.1,277.2,275.4,276.6,235.0672
2024-06-29 01:30:00,276.4,277.3,276.0,276.5,162.8969
2024-06-29 01:45:00,276.5,276.6,275.6,275.8,119.835
2024-06-29 02:00:00,275.8,276.1,273.8,274.8,583.8584
2024-06-29 02:15:00,274.7,275.5,273.1,275.1,422.6695
2024-06-29 02:30:00,275.1,275.2,273.2,274.1,265.6291
2024-06-29 02:45:00,274.0,274.4,273.1,273.8,191.7252
2024-06-29 03:00:00,273.8,275.1,273.8,274.6,134.4806
2024-06-29 03:15:00,274.6,274.9,270.8,272.1,1195.9776
2024-06-29 03:30:00,272.1,272.2,268.8,270.2,945.9073
2024-06-29 03:45:00,270.2,270.9,270.1,270.4,246.5355
2024-06-29 04:00:00,270.4,270.5,262.3,267.2,1889.4501
2024-06-29 04:15:00,267.2,268.3,267.2,267.9,540.698
2024-06-29 04:30:00,267.8,268.4,266.6,268.4,297.411
2024-06-29 04:45:00,268.4,269.3,268.1,269.2,242.7737
2024-06-29 05:00:00,269.2,270.2,269.2,269.4,182.0328
2024-06-29 05:15:00,269.3,269.8,268.0,268.4,169.7405
2024-06-29 05:30:00,268.4,268.8,267.6,268.8,290.5445
2024-06-29 05:45:00,268.7,269.1,268.0,268.3,75.7951
2024-06-29 06:00:00,268.2,268.3,266.8,267.4,246.2626
2024-06-29 06:15:00,267.3,268.1,267.2,267.9,154.653
2024-06-29 06:30:00,267.7,269.2,267.7,267.8,143.8876
2024-06-29 06:45:00,267.8,268.2,267.5,268.1,64.0798
2024-06-29 07:00:00,268.1,268.7,267.4,268.1,295.8159
2024-06-29 07:15:00,268.1,268.4,266.5,266.8,942.1548
2024-06-29 07:30:00,266.7,267.7,266.2,266.9,621.836
2024-06-29 07:45:00,267.0,267.1,265.6,266.7,458.2458
2024-06-29 08:00:00,266.6,268.2,266.6,268.2,175.2621
2024-06-29 08:15:00,268.2,268.2,267.0,267.9,95.7214
2024-06-29 08:30:00,267.9,269.9,267.9,269.6,232.6036
2024-06-29 08:45:00,269.6,269.9,269.0,269.7,114.2205
2024-06-29 09:00:00,269.6,270.7,269.6,269.6,227.4469
2024-06-29 09:15:00,269.7,270.2,268.8,268.9,91.2554
2024-06-29 09:30:00,268.8,269.3,268.5,268.8,120.1537
2024-06-29 09:45:00,268.7,270.6,268.7,270.5,360.1307
2024-06-29 10:00:00,270.5,271.9,270.5,271.3,312.645
2024-06-29 10:15:00,271.4,271.4,270.1,270.5,157.2939
2024-06-29 10:30:00,270.5,270.8,269.7,269.7,106.6555
2024-06-29 10:45:00,269.7,269.7,268.3,268.6,225.279
2024-06-29 11:00:00,268.6,268.9,268.0,268.1,62.3893
2024-06-29 11:15:00,268.2,268.8,267.8,268.6,149.1441
2024-06-29 11:30:00,268.8,269.2,268.3,268.7,74.4429
2024-06-29 11:45:00,268.6,268.9,268.4,268.6,97.4962
2024-06-29 12:00:00,268.6,268.7,267.2,267.3,431.4952
2024-06-29 12:15:00,267.3,267.8,266.6,267.3,251.1346
2024-06-29 12:30:00,267.3,267.9,267.2,267.4,103.6769
2024-06-29 12:45:00,267.5,269.1,267.5,268.7,118.8987
2024-06-29 13:00:00,268.8,269.7,268.6,269.6,81.2217
2024-06-29 13:15:00,269.5,269.8,268.3,269.2,87.4595
2024-06-29 13:30:00,269.2,270.1,268.4,268.7,201.8876
2024-06-29 13:45:00,268.9,269.7,268.6,269.4,385.5248
2024-06-29 14:00:00,269.5,270.7,269.1,270.7,115.7918
2024-06-29 14:15:00,270.7,272.3,270.1,271.8,250.4009
2024-06-29 14:30:00,271.9,272.8,271.7,272.7,147.2591
2024-06-29 14:45:00,272.7,273.1,271.9,272.3,426.1401
2024-06-29 15:00:00,272.4,272.9,271.8,272.7,156.3328
2024-06-29 15:15:00,272.7,272.9,271.2,271.2,225.6044
2024-06-29 15:30:00,271.2,271.4,270.4,270.6,135.2159
2024-06-29 15:45:00,270.5,271.7,270.3,271.4,102.1225
2024-06-29 16:00:00,271.5,271.7,270.9,271.0,36.7457
2024-06-29 16:15:00,270.8,270.9,269.6,270.7,371.7964
2024-06-29 16:30:00,270.7,270.9,270.2,270.5,96.5482
2024-06-29 16:45:00,270.6,271.2,270.3,270.9,180.9981
2024-06-29 17:00:00,270.9,272.0,270.9,271.1,218.9646
2024-06-29 17:15:00,271.1,271.4,268.3,268.6,743.2739
2024-06-29 17:30:00,268.6,268.9,265.8,266.9,670.9276
2024-06-29 17:45:00,266.9,267.5,266.5,266.9,236.9824
2024-06-29 18:00:00,266.8,267.1,266.0,266.8,172.6532
2024-06-29 18:15:00,266.9,267.8,266.6,267.4,362.6769
2024-06-29 18:30:00,267.3,267.9,267.1,267.7,193.0045
2024-06-29 18:45:00,267.7,268.1,266.4,266.6,376.54
2024-06-29 19:00:00,266.6,267.4,266.5,267.0,122.3147
2024-06-29 19:15:00,266.9,267.6,266.8,267.4,91.5772
2024-06-29 19:30:00,267.4,268.1,266.8,266.9,164.982
2024-06-29 19:45:00,266.9,266.9,266.4,266.4,165.553
2024-06-29 20:00:00,266.4,266.9,265.8,265.8,146.4149
2024-06-29 20:15:00,265.8,266.3,265.0,265.2,168.2608
2024-06-29 20:30:00,265.3,266.6,264.9,266.3,488.4312
2024-06-29 20:45:00,266.3,266.7,265.6,265.9,274.2142
2024-06-29 21:00:00,265.9,266.6,265.7,265.8,218.2059
2024-06-29 21:15:00,265.8,266.0,263.5,264.0,489.524
2024-06-29 21:30:00,264.0,264.9,263.9,264.4,189.557
2024-06-29 21:45:00,264.5,265.1,264.3,264.7,273.9897
2024-06-29 22:00:00,264.7,265.0,263.1,263.5,293.5501
2024-06-29 22:15:00,263.4,263.7,263.1,263.2,248.0231
2024-06-29 22:30:00,263.2,263.5,263.0,263.4,227.4126
2024-06-29 22:45:00,263.4,264.3,263.3,263.8,192.9342
2024-06-29 23:00:00,263.7,264.4,263.2,263.8,205.5906
2024-06-29 23:15:00,263.7,263.9,262.4,262.8,484.5222
2024-06-29 23:30:00,262.7,263.6,262.7,263.6,168.8741
2024-06-29 23:45:00,263.7,263.8,262.4,262.8,368.2005
2024-06-30 00:00:00,262.7,263.2,262.2,262.8,339.9999
2024-06-30 00:15:00,262.9,263.1,262.5,263.1,165.3742
2024-06-30 00:30:00,263.2,263.8,263.0,263.5,477.1898
2024-06-30 00:45:00,263.4,263.5,262.6,262.6,249.4073
2024-06-30 01:00:00,262.6,262.9,262.0,262.4,215.2608
2024-06-30 01:15:00,262.4,262.7,261.1,262.0,238.1803
2024-06-30 01:30:00,262.0,262.8,262.0,262.5,182.8042
2024-06-30 01:45:00,262.5,263.0,262.1,262.9,106.1749
2024-06-30 02:00:00,262.9,263.5,262.3,263.0,253.7241
2024-06-30 02:15:00,262.9,262.9,261.3,261.7,149.3803
2024-06-30 02:30:00,261.6,262.6,260.4,262.0,509.6389
2024-06-30 02:45:00,262.0,262.8,261.6,262.8,195.9454
2024-06-30 03:00:00,262.7,263.7,261.8,262.2,184.4594
2024-06-30 03:15:00,262.2,262.4,261.7,262.1,114.2606
2024-06-30 03:30:00,262.1,262.3,261.3,261.3,81.798
2024-06-30 03:45:00,261.3,261.5,260.6,261.1,98.7464
2024-06-30 04:00:00,261.0,261.2,260.2,260.5,203.7998
2024-06-30 04:15:00,260.4,260.9,259.5,259.9,436.2606
2024-06-30 04:30:00,259.9,261.2,259.4,261.2,151.3874
2024-06-30 04:45:00,261.1,261.2,260.3,260.6,97.9319
2024-06-30 05:00:00,260.6,261.0,259.7,259.7,180.7277
2024-06-30 05:15:00,259.6,259.7,257.8,258.6,588.3574
2024-06-30 05:30:00,258.6,259.5,258.4,258.8,92.9011
2024-06-30 05:45:00,258.7,258.9,258.2,258.7,115.6878
2024-06-30 06:00:00,258.7,259.8,258.6,259.5,93.1766
2024-06-30 06:15:00,259.5,260.1,259.4,259.7,135.9209
2024-06-30 06:30:00,259.6,260.2,259.4,259.9,92.261
2024-06-30 06:45:00,259.8,260.1,259.2,260.0,113.2149
2024-06-30 07:00:00,259.9,260.5,259.6,259.8,307.4008
2024-06-30 07:15:00,259.8,260.4,259.6,260.2,465.4979
2024-06-30 07:30:00,260.1,260.2,259.5,260.2,195.5234
2024-06-30 07:45:00,260.1,260.2,259.8,259.9,86.9557
2024-06-30 08:00:00,260.0,260.1,257.3,258.3,236.6888
2024-06-30 08:15:00,258.3,259.1,257.1,258.9,209.9012
2024-06-30 08:30:00,258.8,259.2,257.9,258.1,99.4251
2024-06-30 08:45:00,258.0,258.2,257.3,257.8,115.0765
2024-06-30 09:00:00,257.8,257.9,255.9,257.7,344.4079
2024-06-30 09:15:00,257.5,257.5,255.9,257.1,892.4661
2024-06-30 09:30:00,257.2,257.8,256.3,256.8,610.4683
2024-06-30 09:45:00,256.7,257.2,256.0,256.5,475.2136
2024-06-30 10:00:00,256.6,256.7,255.4,255.7,374.7051
2024-06-30 10:15:00,255.7,256.7,255.6,256.3,144.1051
2024-06-30 10:30:00,256.2,256.5,255.9,256.2,125.5898
2024-06-30 10:45:00,256.2,256.8,256.1,256.7,145.7556
2024-06-30 11:00:00,256.7,256.9,255.0,255.6,536.7184
2024-06-30 11:15:00,255.7,256.2,254.3,254.7,645.6388
2024-06-30 11:30:00,254.6,254.7,252.4,253.1,842.2533
2024-06-30 11:45:00,253.1,253.9,252.7,253.1,505.5675
2024-06-30 12:00:00,253.0,253.3,252.2,252.3,463.5424
2024-06-30 12:15:00,252.2,254.2,252.2,254.0,355.921
2024-06-30 12:30:00,253.9,254.1,253.4,253.5,107.7199
2024-06-30 12:45:00,253.6,254.4,253.3,254.0,97.1549
2024-06-30 13:00:00,254.1,254.9,254.0,254.9,140.5848
2024-06-30 13:15:00,254.9,255.2,254.0,254.5,125.1784
2024-06-30 13:30:00,254.4,255.5,254.2,255.3,166.9149
2024-06-30 13:45:00,255.3,257.0,255.1,256.4,529.8177
2024-06-30 14:00:00,256.4,259.6,256.3,259.3,452.4441
2024-06-30 14:15:00,259.3,259.4,257.0,259.1,851.9443
2024-06-30 14:30:00,259.1,259.4,256.8,256.8,436.0995
2024-06-30 14:45:00,256.7,256.7,255.7,256.0,702.577
2024-06-30 15:00:00,256.0,257.8,255.4,256.8,412.4883
2024-06-30 15:15:00,256.9,258.7,256.9,258.3,497.7598
2024-06-30 15:30:00,258.4,259.9,258.2,258.8,522.8685
2024-06-30 15:45:00,258.8,259.4,258.6,259.0,253.9659
2024-06-30 16:00:00,259.1,259.9,258.3,259.1,561.9447
2024-06-30 16:15:00,259.1,259.5,258.4,259.1,405.5346
2024-06-30 16:30:00,259.0,259.9,258.6,259.6,1649.5184
2024-06-30 16:45:00,259.6,259.8,258.3,258.3,634.9791
2024-06-30 17:00:00,258.3,259.6,258.1,258.7,907.144
2024-06-30 17:15:00,258.7,259.1,258.1,258.9,504.547
2024-06-30 17:30:00,258.9,259.5,258.0,258.1,717.0976
2024-06-30 17:45:00,258.1,258.5,258.0,258.4,473.883
2024-06-30 18:00:00,258.5,259.5,258.0,259.4,372.2545
2024-06-30 18:15:00,259.5,259.5,258.1,258.3,111.079
2024-06-30 18:30:00,258.3,258.6,258.0,258.1,168.005
2024-06-30 18:45:00,258.1,258.6,258.0,258.3,572.8257
2024-06-30 19:00:00,258.4,259.4,258.3,259.3,183.282
2024-06-30 19:15:00,259.2,259.4,258.4,258.7,275.1712
2024-06-30 19:30:00,258.7,258.7,258.0,258.1,363.1439
2024-06-30 19:45:00,258.2,258.4,258.0,258.1,397.786
2024-06-30 20:00:00,258.1,258.8,258.0,258.4,590.3398
2024-06-30 20:15:00,258.4,259.2,258.3,259.1,373.3057
2024-06-30 20:30:00,259.1,259.3,258.2,258.3,379.0167
2024-06-30 20:45:00,258.3,258.8,258.2,258.8,229.7879
2024-06-30 21:00:00,258.7,259.3,258.2,258.6,231.6541
2024-06-30 21:15:00,258.6,259.3,258.3,258.4,183.7868
2024-06-30 21:30:00,258.4,258.8,256.7,257.2,1170.223
2024-06-30 21:45:00,257.2,258.5,256.5,258.3,423.2009
2024-06-30 22:00:00,258.4,261.3,258.3,260.1,909.2466
2024-06-30 22:15:00,260.2,260.3,258.6,258.9,272.0297
2024-06-30 22:30:00,258.9,260.6,258.9,260.5,302.3567
2024-06-30 22:45:00,260.6,262.4,260.4,261.6,334.1376
2024-06-30 23:00:00,261.7,262.3,261.0,261.5,309.0829
2024-06-30 23:15:00,261.6,261.8,261.0,261.1,211.0528
2024-06-30 23:30:00,261.1,261.4,260.3,260.9,522.5355
2024-06-30 23:45:00,260.9,261.6,260.8,261.4,163.7289
2024-07-01 00:00:00,261.5,262.5,260.7,262.4,227.8912
2024-07-01 00:15:00,262.3,265.8,262.2,265.4,748.0925
2024-07-01 00:30:00,265.4,265.9,264.0,265.0,631.6197
2024-07-01 00:45:00,265.0,266.0,264.8,265.5,334.116
2024-07-01 01:00:00,265.7,266.0,264.8,265.5,338.3646
2024-07-01 01:15:00,265.5,267.1,264.8,266.8,354.0442
2024-07-01 01:30:00,266.9,269.5,266.2,269.3,615.1005
2024-07-01 01:45:00,269.4,270.5,267.7,268.0,471.941
2024-07-01 02:00:00,268.0,268.6,266.9,268.4,339.4585
2024-07-01 02:15:00,268.4,268.7,267.6,268.5,437.4779
2024-07-01 02:30:00,268.5,269.1,267.5,269.0,258.1217
2024-07-01 02:45:00,269.3,270.0,268.5,269.4,297.527
2024-07-01 03:00:00,269.4,270.9,268.7,270.5,507.7753
2024-07-01 03:15:00,270.5,270.9,270.0,270.9,233.4091
2024-07-01 03:30:00,270.8,271.0,269.4,269.5,326.2038
2024-07-01 03:45:00,269.6,269.7,268.5,268.7,263.8333
2024-07-01 04:00:00,268.6,269.2,266.3,266.4,415.5463
2024-07-01 04:15:00,266.3,267.6,266.1,267.5,166.0786
2024-07-01 04:30:00,267.5,267.8,266.0,266.4,150.4534
2024-07-01 04:45:00,266.3,267.4,266.2,266.9,211.7533
2024-07-01 05:00:00,266.9,268.3,266.9,267.9,282.004
2024-07-01 05:15:00,267.9,272.0,267.2,272.0,483.0476
2024-07-01 05:30:00,272.0,272.5,270.5,271.8,665.0299
2024-07-01 05:45:00,271.7,273.4,270.8,273.1,360.1644
2024-07-01 06:00:00,273.2,274.0,272.2,273.2,814.257
2024-07-01 06:15:00,273.3,274.4,273.1,274.0,136.2436
2024-07-01 06:30:00,274.1,274.1,273.0,273.0,316.6394
2024-07-01 06:45:00,273.0,273.0,271.6,272.1,258.9371
2024-07-01 07:00:00,272.1,272.3,270.4,271.4,224.8217
2024-07-01 07:15:00,271.4,273.4,271.1,273.0,176.1632
2024-07-01 07:30:00,272.9,274.6,272.2,273.6,229.6885
2024-07-01 07:45:00,273.5,274.3,273.2,273.7,150.205
2024-07-01 08:00:00,273.8,277.6,273.3,277.5,696.1692
2024-07-01 08:15:00,277.5,279.5,276.9,278.9,693.5159
2024-07-01 08:30:00,278.8,280.2,278.3,280.0,491.6901
2024-07-01 08:45:00,279.9,280.9,278.8,280.7,352.9879
2024-07-01 09:00:00,280.8,281.5,279.1,279.3,1071.2624
2024-07-01 09:15:00,279.3,280.0,278.4,279.1,324.2146
2024-07-01 09:30:00,279.1,279.4,278.0,278.4,233.089
2024-07-01 09:45:00,278.4,279.4,277.9,279.3,236.5143
2024-07-01 10:00:00,279.2,281.1,278.9,280.9,207.8051
2024-07-01 10:15:00,280.9,281.1,279.9,280.3,191.1742
2024-07-01 10:30:00,280.4,280.9,279.3,279.3,161.8589
2024-07-01 10:45:00,279.4,280.7,279.2,279.4,180.3012
2024-07-01 11:00:00,279.4,279.9,278.5,279.2,154.0998
2024-07-01 11:15:00,279.3,280.0,279.0,279.0,254.1941
2024-07-01 11:30:00,278.9,279.0,276.3,276.9,380.5897
2024-07-01 11:45:00,276.9,278.3,276.9,278.0,179.5267
2024-07-01 12:00:00,277.9,279.3,277.7,279.0,144.7148
2024-07-01 12:15:00,278.9,281.2,278.8,280.0,536.6536
2024-07-01 12:30:00,279.9,280.7,278.8,279.0,708.9635
2024-07-01 12:45:00,279.0,280.4,278.7,280.1,448.1484
2024-07-01 13:00:00,280.0,280.3,279.1,279.2,236.4214
2024-07-01 13:15:00,279.0,279.0,277.2,277.9,215.6669
2024-07-01 13:30:00,277.9,279.2,277.6,278.2,160.9455
2024-07-01 13:45:00,278.1,279.3,277.9,278.9,108.3352
2024-07-01 14:00:00,278.9,280.0,278.3,279.7,455.7256
2024-07-01 14:15:00,279.6,279.8,278.5,278.5,73.6784
2024-07-01 14:30:00,278.5,279.7,278.2,279.6,177.1043
2024-07-01 14:45:00,279.5,279.8,277.4,278.3,446.1299
2024-07-01 15:00:00,278.3,280.4,278.1,279.7,417.7022
2024-07-01 15:15:00,279.6,280.7,278.5,278.6,539.2338
2024-07-01 15:30:00,278.7,278.8,275.5,276.7,849.3392
2024-07-01 15:45:00,276.8,278.1,276.2,277.6,362.8468
2024-07-01 16:00:00,277.6,279.5,277.5,278.4,452.3979
2024-07-01 16:15:00,278.4,279.4,277.3,279.4,471.7191
2024-07-01 16:30:00,279.3,280.8,278.7,279.0,472.8359
2024-07-01 16:45:00,279.0,280.6,278.9,280.4,407.2188
2024-07-01 17:00:00,280.3,280.6,278.0,278.6,586.2873
2024-07-01 17:15:00,278.5,279.1,277.3,277.9,257.8933
2024-07-01 17:30:00,277.8,278.6,276.4,277.2,247.0009
2024-07-01 17:45:00,277.2,278.8,276.5,278.2,265.3142
2024-07-01 18:00:00,278.1,278.4,275.6,277.5,684.9028
2024-07-01 18:15:00,277.5,278.1,274.3,275.7,636.7772
2024-07-01 18:30:00,275.6,275.7,272.3,273.6,1268.9734
2024-07-01 18:45:00,273.6,273.9,272.7,273.5,282.3712
2024-07-01 19:00:00,273.6,277.0,273.3,275.5,509.0978
2024-07-01 19:15:00,275.5,276.7,274.4,274.8,369.1586
2024-07-01 19:30:00,274.8,276.5,274.2,275.9,478.0132
2024-07-01 19:45:00,275.9,276.3,274.5,275.7,780.9257
2024-07-01 20:00:00,275.6,278.1,275.4,277.0,362.9726
2024-07-01 20:15:00,276.9,278.9,276.4,278.9,663.3673
2024-07-01 20:30:00,278.9,279.5,276.3,276.6,510.8048
2024-07-01 20:45:00,276.7,277.0,274.4,275.8,372.7886
2024-07-01 21:00:00,275.8,276.9,271.8,273.9,2592.2692
2024-07-01 21:15:00,273.6,274.9,273.4,274.1,208.4068
2024-07-01 21:30:00,273.9,276.4,273.7,275.5,394.4647
2024-07-01 21:45:00,275.4,276.1,274.8,275.7,267.2614
2024-07-01 22:00:00,275.8,277.9,275.6,277.9,132.9752
2024-07-01 22:15:00,277.8,277.8,274.9,275.0,303.0199
2024-07-01 22:30:00,274.9,275.9,274.0,274.8,176.9001
2024-07-01 22:45:00,274.8,276.5,274.8,276.5,171.5472
2024-07-01 23:00:00,276.4,278.4,275.3,278.0,413.8656
2024-07-01 23:15:00,278.0,278.5,277.1,277.5,247.2069
2024-07-01 23:30:00,277.5,278.4,276.8,277.7,214.623
2024-07-01 23:45:00,277.8,278.3,276.7,277.7,248.083
2024-07-02 00:00:00,277.7,278.5,277.0,277.7,232.637
2024-07-02 00:15:00,277.6,279.2,277.4,278.9,261.0645
2024-07-02 00:30:00,278.7,281.7,278.1,281.3,1149.2166
2024-07-02 00:45:00,281.3,283.1,280.7,283.1,668.0902
2024-07-02 01:00:00,283.2,284.4,281.6,281.8,745.7471
2024-07-02 01:15:00,281.8,284.6,280.1,280.1,388.5973
2024-07-02 01:30:00,280.1,280.7,279.1,279.9,276.5109
2024-07-02 01:45:00,279.9,280.2,278.7,278.9,409.3471
2024-07-02 02:00:00,278.8,281.1,278.6,280.9,596.9987
2024-07-02 02:15:00,280.8,282.6,280.5,280.9,792.3223
2024-07-02 02:30:00,280.9,281.9,280.5,280.7,381.4279
2024-07-02 02:45:00,280.7,285.0,279.7,282.8,1255.5081
2024-07-02 03:00:00,282.7,283.8,282.4,283.6,169.4112
2024-07-02 03:15:00,283.7,284.2,283.2,283.5,303.478
2024-07-02 03:30:00,283.5,283.5,282.2,282.9,171.081
2024-07-02 03:45:00,282.9,283.4,281.5,281.7,273.9411
2024-07-02 04:00:00,281.7,281.9,280.9,280.9,222.0537
2024-07-02 04:15:00,280.9,281.6,280.0,280.4,178.3787
2024-07-02 04:30:00,280.3,280.4,279.0,280.3,193.9505
2024-07-02 04:45:00,280.4,280.5,279.4,280.4,201.1731
2024-07-02 05:00:00,280.3,281.5,279.6,280.0,311.4546
2024-07-02 05:15:00,280.1,280.7,278.2,279.1,371.14
2024-07-02 05:30:00,278.9,278.9,277.6,277.8,198.1378
2024-07-02 05:45:00,277.8,278.2,276.8,277.1,621.0439
2024-07-02 06:00:00,277.1,277.6,276.8,277.0,135.9323
2024-07-02 06:15:00,277.1,277.8,271.8,274.0,3808.6768
2024-07-02 06:30:00,273.9,276.6,273.9,275.7,356.2262
2024-07-02 06:45:00,275.7,276.7,275.7,276.3,77.8532
2024-07-02 07:00:00,276.2,276.9,273.7,275.3,167.1634
2024-07-02 07:15:00,275.5,276.7,274.0,276.6,188.8153
2024-07-02 07:30:00,276.6,277.9,275.7,275.7,213.4166
2024-07-02 07:45:00,275.7,277.6,275.7,277.3,116.6116
2024-07-02 08:00:00,277.3,277.9,276.2,276.9,102.9076
2024-07-02 08:15:00,276.9,277.2,275.3,276.2,121.36
2024-07-02 08:30:00,275.9,276.8,274.3,274.6,360.4554
2024-07-02 08:45:00,274.7,276.0,274.7,275.6,90.2131
2024-07-02 09:00:00,275.6,276.4,275.5,275.8,43.5965
2024-07-02 09:15:00,275.9,276.1,274.4,274.6,97.7917
2024-07-02 09:30:00,274.6,274.6,272.8,273.3,260.0522
2024-07-02 09:45:00,273.3,275.4,272.9,275.4,171.8142
2024-07-02 10:00:00,275.4,276.0,274.7,274.8,104.2201
2024-07-02 10:15:00,274.7,275.8,274.3,275.3,104.7764
2024-07-02 10:30:00,275.4,276.3,274.8,275.0,441.9215
2024-07-02 10:45:00,274.9,275.3,274.0,274.1,158.98
2024-07-02 11:00:00,274.2,275.3,274.1,275.1,297.3038
2024-07-02 11:15:00,275.0,275.1,274.1,274.5,136.1206
2024-07-02 11:30:00,274.5,274.6,273.8,274.2,144.8782
2024-07-02 11:45:00,274.1,274.4,273.2,273.5,86.4742
2024-07-02 12:00:00,273.5,274.3,273.4,273.9,248.7991
2024-07-02 12:15:00,273.9,274.7,272.7,273.6,845.7014
2024-07-02 12:30:00,273.5,274.8,273.5,273.9,187.6141
2024-07-02 12:45:00,273.8,273.8,273.0,273.6,141.8006
2024-07-02 13:00:00,273.6,274.2,272.0,272.3,331.0865
2024-07-02 13:15:00,272.3,273.6,272.1,272.8,286.1483
2024-07-02 13:30:00,272.8,272.8,271.0,271.5,852.2108
2024-07-02 13:45:00,271.5,271.6,270.2,270.9,540.8336
2024-07-02 14:00:00,270.9,271.4,269.3,269.7,582.6037
2024-07-02 14:15:00,269.7,271.4,269.4,271.0,353.5296
2024-07-02 14:30:00,271.0,271.3,269.8,269.8,193.8905
2024-07-02 14:45:00,269.9,270.0,268.9,269.5,334.3464
2024-07-02 15:00:00,269.4,270.1,268.4,268.7,284.5362
2024-07-02 15:15:00,268.7,269.9,268.6,269.0,296.7191
2024-07-02 15:30:00,268.9,269.3,267.8,269.2,359.7497
2024-07-02 15:45:00,269.2,269.9,269.1,269.4,335.4941
2024-07-02 16:00:00,269.4,272.0,269.4,271.7,248.671
2024-07-02 16:15:00,271.6,271.6,270.0,270.5,225.0218
2024-07-02 16:30:00,270.6,271.1,270.1,271.0,159.5904
2024-07-02 16:45:00,271.1,271.4,270.8,271.0,184.1093
2024-07-02 17:00:00,271.0,271.8,270.1,270.5,218.3319
2024-07-02 17:15:00,270.4,271.6,270.3,271.3,352.5335
2024-07-02 17:30:00,271.3,272.5,270.9,271.9,281.8397
2024-07-02 17:45:00,271.9,273.0,271.7,272.8,230.4397
2024-07-02 18:00:00,272.8,273.0,271.9,271.9,225.4153
2024-07-02 18:15:00,271.9,272.3,271.2,272.1,230.9495
2024-07-02 18:30:00,272.1,273.2,272.1,272.3,253.8317
2024-07-02 18:45:00,272.3,272.4,271.5,271.6,180.8218
2024-07-02 19:00:00,271.6,271.7,270.6,271.4,265.9484
2024-07-02 19:15:00,271.4,273.0,271.4,272.7,299.9681
2024-07-02 19:30:00,272.7,273.7,272.5,273.3,212.9743
2024-07-02 19:45:00,273.2,274.3,272.6,272.8,255.4374
2024-07-02 20:00:00,272.7,272.8,272.1,272.4,188.328
2024-07-02 20:15:00,272.4,272.7,271.0,271.1,544.8057
2024-07-02 20:30:00,271.0,273.3,269.1,271.3,478.6451
2024-07-02 20:45:00,271.2,272.2,269.3,270.5,384.7888
2024-07-02 21:00:00,270.6,270.9,267.6,268.1,580.0752
2024-07-02 21:15:00,268.1,270.3,266.4,270.2,699.4331
2024-07-02 21:30:00,270.1,271.1,267.0,267.7,506.5375
2024-07-02 21:45:00,267.8,269.7,267.6,268.2,377.5205
2024-07-02 22:00:00,268.1,269.7,267.9,268.6,254.2958
2024-07-02 22:15:00,268.3,269.6,267.7,268.2,277.6007
2024-07-02 22:30:00,268.2,268.9,267.3,268.0,232.6593
2024-07-02 22:45:00,268.1,268.4,267.1,267.4,296.7748
2024-07-02 23:00:00,267.4,267.6,266.4,266.7,289.6189
2024-07-02 23:15:00,266.6,266.8,264.6,265.3,504.69
2024-07-02 23:30:00,265.2,265.3,262.4,264.6,996.1428
2024-07-02 23:45:00,264.6,266.1,264.6,265.7,272.4912
2024-07-03 00:00:00,265.7,265.8,262.7,262.9,752.8375
2024-07-03 00:15:00,262.8,264.2,262.8,263.5,309.0291
2024-07-03 00:30:00,263.6,265.5,263.4,264.4,328.7609
2024-07-03 00:45:00,264.4,265.9,264.1,265.7,288.6158
2024-07-03 01:00:00,265.7,266.8,265.7,265.9,299.1427
2024-07-03 01:15:00,265.8,267.6,265.6,266.9,274.7177
2024-07-03 01:30:00,266.9,267.6,265.8,267.1,248.6729
2024-07-03 01:45:00,267.2,267.4,264.6,265.2,993.5644
2024-07-03 02:00:00,265.2,265.7,264.2,264.5,358.5283
2024-07-03 02:15:00,264.4,264.7,262.5,262.8,776.2529
2024-07-03 02:30:00,262.8,262.9,260.0,260.2,1178.002
2024-07-03 02:45:00,260.3,260.9,259.2,260.4,847.0505
2024-07-03 03:00:00,260.5,261.1,244.4,249.8,19371.3876
2024-07-03 03:15:00,249.7,250.6,236.0,245.3,24812.3141
2024-07-03 03:30:00,245.3,246.9,237.1,243.7,13595.0423
2024-07-03 03:45:00,243.7,246.7,240.2,242.0,2805.2841
2024-07-03 04:00:00,241.9,244.7,236.0,241.2,5580.2137
2024-07-03 04:15:00,241.1,245.6,240.7,242.8,3389.9991
2024-07-03 04:30:00,242.9,246.7,242.1,246.3,2518.1396
2024-07-03 04:45:00,246.3,247.7,244.5,244.8,1374.6959
2024-07-03 05:00:00,244.8,245.1,240.5,241.7,2713.4103
2024-07-03 05:15:00,241.8,242.6,239.2,240.8,1337.2939
2024-07-03 05:30:00,240.8,241.0,237.9,238.9,2304.6728
2024-07-03 05:45:00,238.9,240.5,238.5,239.0,1188.0799
2024-07-03 06:00:00,238.9,240.4,237.0,240.1,1598.6487
2024-07-03 06:15:00,240.1,240.7,239.3,240.6,1585.7488
2024-07-03 06:30:00,240.6,241.5,240.0,241.5,1110.4486
2024-07-03 06:45:00,241.5,242.4,240.8,241.9,985.8767
2024-07-03 07:00:00,241.8,242.0,241.0,241.0,2704.8518
2024-07-03 07:15:00,241.0,241.3,238.4,238.8,2926.1978
2024-07-03 07:30:00,238.8,239.6,235.0,236.6,3271.488
2024-07-03 07:45:00,236.6,237.8,235.5,235.8,1444.1919
2024-07-03 08:00:00,235.9,235.9,231.1,233.8,6080.1118
2024-07-03 08:15:00,233.8,236.0,232.0,235.2,1706.0721
2024-07-03 08:30:00,235.2,236.7,232.9,235.5,2038.1925
2024-07-03 08:45:00,235.4,237.9,235.4,236.6,1965.3735
2024-07-03 09:00:00,236.6,236.7,234.2,235.3,1118.3921
2024-07-03 09:15:00,235.3,235.4,231.7,232.4,2295.1653
2024-07-03 09:30:00,232.4,232.4,228.3,229.5,3478.8054
2024-07-03 09:45:00,229.4,230.3,228.4,230.2,1202.7345
2024-07-03 10:00:00,230.2,230.3,226.1,226.4,2885.9831
2024-07-03 10:15:00,226.4,228.8,225.8,227.2,3823.6887
2024-07-03 10:30:00,227.2,228.6,226.9,227.4,1277.3674
2024-07-03 10:45:00,227.3,230.4,227.2,230.1,2438.5804
2024-07-03 11:00:00,230.1,231.3,228.5,229.8,1623.3403
2024-07-03 11:15:00,229.8,234.7,229.7,234.6,2157.9195
2024-07-03 11:30:00,234.6,236.4,233.2,235.1,1390.45
2024-07-03 11:45:00,235.1,238.8,234.5,237.4,1966.2138
2024-07-03 12:00:00,237.3,239.0,236.3,236.7,1954.466
2024-07-03 12:15:00,236.6,236.6,234.5,235.0,829.4075
2024-07-03 12:30:00,234.9,235.6,233.4,234.9,913.536
2024-07-03 12:45:00,234.9,237.3,234.8,236.7,768.6024
2024-07-03 13:00:00,236.6,236.6,234.3,236.0,1097.4541
2024-07-03 13:15:00,236.1,238.4,234.7,235.1,2396.8467
2024-07-03 13:30:00,235.1,237.9,235.1,237.6,700.0281
2024-07-03 13:45:00,237.7,238.9,237.1,238.9,1269.9308
2024-07-03 14:00:00,238.9,240.5,238.5,239.4,1160.332
2024-07-03 14:15:00,239.4,240.5,236.3,236.7,1264.2964
2024-07-03 14:30:00,236.7,239.9,236.6,238.3,1061.4569
2024-07-03 14:45:00,238.3,243.0,238.0,242.2,3686.2275
2024-07-03 15:00:00,242.2,243.2,239.2,239.9,1941.9218
2024-07-03 15:15:00,239.8,240.4,238.5,240.3,1011.9893
2024-07-03 15:30:00,240.2,241.7,238.4,239.8,1229.6168
2024-07-03 15:45:00,239.9,241.6,239.9,240.8,855.4253
2024-07-03 16:00:00,240.9,241.6,237.0,237.8,1815.5054
2024-07-03 16:15:00,237.8,237.8,236.1,236.7,1036.0954
2024-07-03 16:30:00,236.7,238.5,235.3,238.4,1519.5027
2024-07-03 16:45:00,238.4,238.7,237.2,238.0,732.581
2024-07-03 17:00:00,238.1,238.1,234.9,235.5,1920.0772
2024-07-03 17:15:00,235.5,235.7,232.7,233.8,2395.5474
2024-07-03 17:30:00,233.8,236.6,231.1,236.6,2146.1821
2024-07-03 17:45:00,236.5,236.7,235.0,236.3,782.072
2024-07-03 18:00:00,236.3,236.3,233.5,235.3,1155.7981
2024-07-03 18:15:00,235.3,236.6,234.1,234.3,882.8757
2024-07-03 18:30:00,234.3,236.1,234.2,235.3,876.8013
2024-07-03 18:45:00,235.4,237.8,235.0,237.3,1220.7705
2024-07-03 19:00:00,237.4,237.4,234.9,234.9,1329.5712
2024-07-03 19:15:00,235.0,235.7,232.9,233.2,642.4433
2024-07-03 19:30:00,233.2,233.3,229.0,231.2,2211.2818
2024-07-03 19:45:00,231.1,232.0,228.6,230.6,1630.0342
2024-07-03 20:00:00,230.5,233.8,229.6,233.3,1242.1119
2024-07-03 20:15:00,233.3,235.1,232.0,234.9,1080.8456
2024-07-03 20:30:00,234.8,235.6,233.0,234.6,1329.8372
2024-07-03 20:45:00,234.7,235.6,234.3,234.6,955.7165
2024-07-03 21:00:00,234.7,235.2,232.3,232.8,1033.5312
2024-07-03 21:15:00,232.9,234.3,232.8,233.1,554.473
2024-07-03 21:30:00,233.1,234.0,232.8,233.0,616.4144
2024-07-03 21:45:00,233.0,234.1,232.7,232.8,494.9162
2024-07-03 22:00:00,232.8,233.4,230.2,233.4,937.0459
2024-07-03 22:15:00,233.4,236.5,232.7,236.2,1119.8576
2024-07-03 22:30:00,236.2,236.4,234.4,234.5,612.8227
2024-07-03 22:45:00,234.5,234.6,233.1,233.5,484.2998
2024-07-03 23:00:00,233.4,233.7,230.2,231.8,866.5642
2024-07-03 23:15:00,231.8,234.5,231.3,233.9,891.2556
2024-07-03 23:30:00,233.8,234.1,230.7,231.9,1082.9969
2024-07-03 23:45:00,231.9,236.1,231.8,236.0,2147.2653
2024-07-04 00:00:00,236.0,237.2,234.7,236.8,1622.2784
2024-07-04 00:15:00,236.7,237.2,235.0,235.9,1046.4241
2024-07-04 00:30:00,235.9,236.6,234.3,234.6,747.0334
2024-07-04 00:45:00,234.6,234.6,233.2,233.9,716.4359
2024-07-04 01:00:00,233.7,233.9,231.2,231.8,744.4056
2024-07-04 01:15:00,231.7,233.3,231.4,232.3,994.936
2024-07-04 01:30:00,232.4,232.7,231.2,232.4,666.4428
2024-07-04 01:45:00,232.3,232.5,230.0,231.3,919.6325
2024-07-04 02:00:00,231.2,231.5,229.2,230.5,1312.0473
2024-07-04 02:15:00,230.6,232.5,229.0,232.3,1035.6123
2024-07-04 02:30:00,232.4,232.4,229.7,231.4,639.3268
2024-07-04 02:45:00,231.3,231.4,229.3,229.8,746.2931
2024-07-04 03:00:00,229.7,231.4,229.3,230.8,1005.1841
2024-07-04 03:15:00,230.7,232.7,230.6,231.3,378.5236
2024-07-04 03:30:00,231.4,233.8,231.3,233.7,813.7105
2024-07-04 03:45:00,233.7,235.3,233.2,234.7,1707.5365
2024-07-04 04:00:00,234.7,237.8,234.0,235.9,2032.6913
2024-07-04 04:15:00,236.0,236.6,233.1,233.4,1647.3196
2024-07-04 04:30:00,233.4,235.6,232.4,235.5,828.6677
2024-07-04 04:45:00,235.4,238.9,235.4,238.1,1657.4583
2024-07-04 05:00:00,238.1,239.4,236.5,237.6,1979.7039
2024-07-04 05:15:00,237.7,237.9,234.8,234.9,1689.7596
2024-07-04 05:30:00,234.8,236.2,234.8,235.5,697.1665
2024-07-04 05:45:00,235.5,236.4,235.1,236.2,827.3305
2024-07-04 06:00:00,236.2,237.9,235.3,237.9,290.9627
2024-07-04 06:15:00,237.9,238.2,236.7,236.7,380.3492
2024-07-04 06:30:00,236.7,237.7,236.0,237.1,160.6221
2024-07-04 06:45:00,237.1,237.9,236.7,236.8,134.1297
2024-07-04 07:00:00,237.0,237.9,236.5,237.0,260.3733
2024-07-04 07:15:00,236.6,238.5,236.2,237.9,322.1786
2024-07-04 07:30:00,237.7,239.8,236.8,238.8,480.1364
2024-07-04 07:45:00,239.0,239.6,236.8,237.0,372.0315
2024-07-04 08:00:00,237.0,238.4,231.8,233.1,1003.155
2024-07-04 08:15:00,233.3,236.0,230.3,234.5,1192.0058
2024-07-04 08:30:00,234.5,234.5,229.4,233.8,1610.2019
2024-07-04 08:45:00,233.8,233.8,229.0,232.2,2036.5695
2024-07-04 09:00:00,232.1,234.8,227.0,233.0,2327.3793
2024-07-04 09:15:00,233.1,238.1,232.8,237.7,993.7225
2024-07-04 09:30:00,237.9,238.0,236.0,237.3,865.0407
2024-07-04 09:45:00,237.3,238.6,236.2,238.1,1638.6517
2024-07-04 10:00:00,238.0,239.2,235.9,236.0,1425.4364
2024-07-04 10:15:00,236.1,238.8,235.4,238.1,1641.845
2024-07-04 10:30:00,237.9,238.7,236.4,237.1,1290.6195
2024-07-04 10:45:00,237.0,237.6,235.9,237.6,410.684
2024-07-04 11:00:00,237.5,237.5,234.9,235.3,378.3406
2024-07-04 11:15:00,235.2,235.9,232.9,234.2,1576.6649
2024-07-04 11:30:00,234.2,235.6,234.1,235.1,591.429
2024-07-04 11:45:00,235.1,236.2,235.1,235.9,355.0805
2024-07-04 12:00:00,235.9,236.7,235.2,235.5,327.8606
2024-07-04 12:15:00,235.5,235.9,234.5,235.3,211.5418
2024-07-04 12:30:00,235.0,237.2,235.0,236.2,560.2267
2024-07-04 12:45:00,236.3,237.4,235.8,237.1,280.6263
2024-07-04 13:00:00,237.0,237.0,234.0,234.2,391.5288
2024-07-04 13:15:00,234.2,234.2,230.1,231.6,1279.7289
2024-07-04 13:30:00,231.8,234.6,231.0,233.1,589.6815
2024-07-04 13:45:00,233.1,234.9,232.7,234.6,312.6093
2024-07-04 14:00:00,234.5,234.5,232.1,232.2,414.1871
2024-07-04 14:15:00,232.2,232.8,230.5,231.4,630.577
2024-07-04 14:30:00,231.4,232.5,230.9,231.5,374.0297
2024-07-04 14:45:00,231.6,232.0,228.8,229.4,815.3006
2024-07-04 15:00:00,229.3,229.9,216.2,221.4,13112.677
2024-07-04 15:15:00,221.4,223.6,221.4,222.5,1738.1432
2024-07-04 15:30:00,222.5,226.0,221.5,224.6,2206.2459
2024-07-04 15:45:00,224.8,226.7,224.3,225.0,801.151
2024-07-04 16:00:00,225.0,225.1,221.5,222.5,1520.1075
2024-07-04 16:15:00,222.5,225.5,221.4,224.7,566.6708
2024-07-04 16:30:00,224.7,227.6,224.6,227.4,559.1155
2024-07-04 16:45:00,227.3,227.8,225.4,227.5,1253.2117
2024-07-04 17:00:00,227.4,227.8,224.8,225.2,522.5875
2024-07-04 17:15:00,225.1,225.9,224.5,225.0,738.5277
2024-07-04 17:30:00,224.9,227.0,224.7,226.8,537.4925
2024-07-04 17:45:00,226.9,228.5,226.5,228.3,394.8528
2024-07-04 18:00:00,228.3,228.4,226.6,226.6,341.3109
2024-07-04 18:15:00,226.9,227.5,224.8,224.9,1056.1271
2024-07-04 18:30:00,224.8,226.0,224.8,225.6,274.9059
2024-07-04 18:45:00,225.7,226.4,225.6,226.3,236.2066
2024-07-04 19:00:00,226.4,227.9,226.4,227.4,252.9818
2024-07-04 19:15:00,227.4,227.5,225.0,226.5,537.6556
2024-07-04 19:30:00,226.4,227.5,225.8,226.5,334.3787
2024-07-04 19:45:00,226.4,226.9,224.1,224.3,832.5464
2024-07-04 20:00:00,224.3,225.2,221.9,224.4,805.6413
2024-07-04 20:15:00,224.3,224.6,219.3,219.9,1434.5176
2024-07-04 20:30:00,220.1,222.0,219.1,221.0,975.0316
2024-07-04 20:45:00,220.9,224.9,220.9,224.3,882.3902
2024-07-04 21:00:00,224.2,224.9,221.2,221.8,867.4938
2024-07-04 21:15:00,221.8,223.0,220.0,221.0,484.8956
2024-07-04 21:30:00,221.0,223.5,219.8,222.5,934.4989
2024-07-04 21:45:00,222.3,224.3,221.6,223.4,474.0216
2024-07-04 22:00:00,223.3,223.7,221.7,223.1,566.7939
2024-07-04 22:15:00,223.1,223.2,221.5,222.0,646.8876
2024-07-04 22:30:00,222.0,224.1,221.7,224.1,738.9934
2024-07-04 22:45:00,223.9,225.3,223.5,224.7,581.9293
2024-07-04 23:00:00,224.7,224.7,222.7,223.8,365.6664
2024-07-04 23:15:00,223.7,225.7,223.6,224.6,491.0702
2024-07-04 23:30:00,224.6,224.6,222.7,224.3,618.5921
2024-07-04 23:45:00,224.2,224.2,222.8,223.9,609.8632
2024-07-05 00:00:00,223.9,225.0,222.7,224.7,412.2015
2024-07-05 00:15:00,224.8,227.5,224.7,226.7,593.4041
2024-07-05 00:30:00,226.7,227.1,226.0,226.9,425.509
2024-07-05 00:45:00,227.0,228.8,225.9,228.4,883.9168
2024-07-05 01:00:00,228.3,228.9,224.8,225.3,718.5268
2024-07-05 01:15:00,225.2,225.4,223.2,224.1,388.6304
2024-07-05 01:30:00,224.1,225.7,223.9,225.0,498.3773
2024-07-05 01:45:00,224.9,225.2,223.6,225.1,385.1531
2024-07-05 02:00:00,225.1,228.7,225.1,228.6,596.521
2024-07-05 02:15:00,228.5,228.8,227.2,227.2,507.9375
2024-07-05 02:30:00,227.3,228.9,227.3,227.7,673.2556
2024-07-05 02:45:00,227.7,228.4,226.8,227.0,246.7653
2024-07-05 03:00:00,227.0,228.6,226.9,228.1,140.2603
2024-07-05 03:15:00,228.1,229.1,227.7,229.1,513.0531
2024-07-05 03:30:00,229.1,230.0,228.8,229.9,1020.7243
2024-07-05 03:45:00,229.8,230.0,228.6,229.3,579.3911
2024-07-05 04:00:00,229.3,230.7,228.4,230.6,767.6533
2024-07-05 04:15:00,230.6,233.2,230.4,231.8,472.6167
2024-07-05 04:30:00,231.7,233.9,231.2,233.4,1066.4669
2024-07-05 04:45:00,233.2,235.0,233.2,234.2,1166.9566
2024-07-05 05:00:00,234.2,234.7,231.2,231.5,800.0928
2024-07-05 05:15:00,231.3,232.3,230.8,230.9,205.2553
2024-07-05 05:30:00,231.0,231.4,230.3,230.9,441.1052
2024-07-05 05:45:00,230.9,231.0,229.0,229.2,203.1276
2024-07-05 06:00:00,229.2,229.6,226.4,227.7,1041.9655
2024-07-05 06:15:00,227.7,227.7,222.3,222.4,1530.5021
2024-07-05 06:30:00,222.3,224.0,219.3,221.7,1951.1005
2024-07-05 06:45:00,221.7,222.7,220.8,221.9,534.6078
2024-07-05 07:00:00,221.8,221.8,213.8,215.3,3055.9106
2024-07-05 07:15:00,215.3,219.0,215.3,215.7,694.2285
2024-07-05 07:30:00,215.7,217.6,204.1,207.8,4924.0654
2024-07-05 07:45:00,207.9,216.2,207.9,215.8,1275.019
2024-07-05 08:00:00,216.0,216.8,213.3,213.3,842.8201
2024-07-05 08:15:00,213.3,214.3,211.3,211.8,517.1565
2024-07-05 08:30:00,211.8,214.0,208.6,212.9,1190.3357
2024-07-05 08:45:00,212.6,218.1,212.6,217.9,793.4415
2024-07-05 09:00:00,217.5,217.7,212.7,213.0,1219.0374
2024-07-05 09:15:00,213.0,213.6,210.4,211.2,1834.2051
2024-07-05 09:30:00,211.2,215.9,211.1,212.6,923.3375
2024-07-05 09:45:00,212.5,213.6,196.0,199.6,5426.5215
2024-07-05 10:00:00,199.6,204.6,193.1,199.7,7689.1398
2024-07-05 10:15:00,199.6,202.6,198.9,201.1,2406.6948
2024-07-05 10:30:00,201.0,203.9,200.4,202.3,1419.0624
2024-07-05 10:45:00,202.2,202.4,198.9,199.7,1523.0499
2024-07-05 11:00:00,199.7,202.1,196.6,198.3,1919.1585
2024-07-05 11:15:00,198.3,205.2,194.6,205.2,3339.4124
2024-07-05 11:30:00,205.3,208.5,204.7,207.7,1128.5769
2024-07-05 11:45:00,207.8,208.6,205.6,206.0,715.7579
2024-07-05 12:00:00,206.1,209.7,205.1,206.5,2668.4049
2024-07-05 12:15:00,206.3,206.5,204.1,204.8,1396.7907
2024-07-05 12:30:00,204.8,205.8,204.1,205.4,441.068
2024-07-05 12:45:00,205.3,206.5,204.0,205.2,1041.4517
2024-07-05 13:00:00,205.1,205.6,204.1,204.8,723.737
2024-07-05 13:15:00,204.8,205.0,202.8,202.9,530.7979
2024-07-05 13:30:00,203.0,203.9,200.3,203.4,956.9686
2024-07-05 13:45:00,203.4,204.8,201.3,201.6,967.9738
2024-07-05 14:00:00,201.5,204.0,201.1,203.6,855.9287
2024-07-05 14:15:00,203.7,206.1,203.7,205.6,529.1134
2024-07-05 14:30:00,205.5,205.5,202.7,203.4,868.7496
2024-07-05 14:45:00,203.3,205.3,202.7,204.9,510.3982
2024-07-05 15:00:00,204.8,205.9,203.0,205.7,590.7678
2024-07-05 15:15:00,205.8,205.8,203.7,205.4,371.7042
2024-07-05 15:30:00,205.3,205.3,201.2,201.4,866.4894
2024-07-05 15:45:00,201.4,201.8,199.4,200.2,1094.5735
2024-07-05 16:00:00,200.2,201.9,199.5,201.6,1182.0019
2024-07-05 16:15:00,201.8,204.6,200.7,204.5,926.5487
2024-07-05 16:30:00,204.5,205.6,203.2,205.6,322.2332
2024-07-05 16:45:00,205.6,207.7,205.0,207.3,890.3068
2024-07-05 17:00:00,207.3,209.0,205.7,208.2,1157.686
2024-07-05 17:15:00,208.2,210.5,206.9,209.6,1743.8992
2024-07-05 17:30:00,209.6,211.1,209.2,210.7,736.7268
2024-07-05 17:45:00,210.7,211.0,209.2,209.6,593.3648
2024-07-05 18:00:00,209.5,213.1,208.7,212.6,868.7392
2024-07-05 18:15:00,212.6,213.1,211.3,212.7,536.6544
2024-07-05 18:30:00,212.7,214.1,212.2,214.1,595.7212
2024-07-05 18:45:00,214.0,215.1,212.7,214.8,655.8784
2024-07-05 19:00:00,214.7,215.6,213.8,214.6,923.4053
2024-07-05 19:15:00,214.6,216.0,214.1,215.5,700.7849
2024-07-05 19:30:00,215.6,216.3,211.6,212.6,1559.1639
2024-07-05 19:45:00,212.5,212.9,210.9,212.2,415.119
2024-07-05 20:00:00,212.3,215.9,211.6,215.2,592.498
2024-07-05 20:15:00,215.1,215.9,213.9,215.3,449.2197
2024-07-05 20:30:00,215.3,217.1,214.7,215.6,1085.9264
2024-07-05 20:45:00,215.6,216.3,213.2,215.7,1048.5385
2024-07-05 21:00:00,215.6,216.0,213.8,215.0,532.1301
2024-07-05 21:15:00,215.0,216.4,214.3,214.9,569.8144
2024-07-05 21:30:00,215.3,216.7,214.3,216.5,468.6152
2024-07-05 21:45:00,216.3,217.9,216.3,217.5,658.8118
2024-07-05 22:00:00,217.6,221.9,217.0,220.8,1611.8581
2024-07-05 22:15:00,220.7,224.7,220.2,224.5,1564.3439
2024-07-05 22:30:00,224.2,225.5,221.8,224.5,1058.7388
2024-07-05 22:45:00,224.8,225.5,223.4,223.9,875.0321
2024-07-05 23:00:00,223.8,225.0,222.0,225.0,541.7534
2024-07-05 23:15:00,225.1,228.7,224.3,228.0,1218.6055
2024-07-05 23:30:00,227.9,229.9,226.4,227.0,1614.4849
2024-07-05 23:45:00,227.0,228.7,225.2,227.6,1365.357
2024-07-06 00:00:00,227.6,228.7,225.6,227.5,1354.1688
2024-07-06 00:15:00,227.6,228.8,226.3,226.3,705.1684
2024-07-06 00:30:00,226.2,226.4,223.4,224.0,923.6549
2024-07-06 00:45:00,224.1,224.7,223.2,224.4,475.2382
2024-07-06 01:00:00,224.4,224.4,220.5,220.6,766.04
2024-07-06 01:15:00,220.7,221.8,219.5,220.8,562.0212
2024-07-06 01:30:00,220.7,223.2,220.4,221.4,471.8562
2024-07-06 01:45:00,221.7,223.3,221.6,222.7,262.8917
2024-07-06 02:00:00,222.6,222.6,220.7,220.8,174.0221
2024-07-06 02:15:00,220.8,237.0,220.1,224.6,3026.9306
2024-07-06 02:30:00,224.6,224.9,221.7,222.1,545.1796
2024-07-06 02:45:00,222.1,222.7,221.4,221.8,334.3544
2024-07-06 03:00:00,221.6,223.5,220.3,223.2,613.9649
2024-07-06 03:15:00,223.1,224.9,222.8,224.8,296.8845
2024-07-06 03:30:00,224.8,226.1,223.7,224.5,302.3984
2024-07-06 03:45:00,224.5,226.0,224.5,225.1,172.059
2024-07-06 04:00:00,225.1,225.6,223.6,224.0,245.7525
2024-07-06 04:15:00,223.9,223.9,217.3,220.7,1965.1897
2024-07-06 04:30:00,220.7,238.9,220.7,222.7,1708.9138
2024-07-06 04:45:00,222.8,224.0,221.5,221.9,491.7834
2024-07-06 05:00:00,222.1,222.3,220.9,221.4,220.3037
2024-07-06 05:15:00,221.6,224.4,221.6,223.9,190.2205
2024-07-06 05:30:00,223.9,224.2,222.1,222.4,139.3472
2024-07-06 05:45:00,222.5,223.4,222.1,223.2,121.1083
2024-07-06 06:00:00,223.2,224.8,222.9,224.8,150.6442
2024-07-06 06:15:00,224.7,224.8,223.2,223.6,86.482
2024-07-06 06:30:00,223.4,225.0,223.0,224.4,182.8272
2024-07-06 06:45:00,224.5,225.5,223.2,223.8,208.7068
2024-07-06 07:00:00,223.1,223.5,221.5,223.0,190.7388
2024-07-06 07:15:00,222.9,224.1,222.3,223.8,160.9433
2024-07-06 07:30:00,223.8,228.4,223.1,227.6,310.7718
2024-07-06 07:45:00,227.9,227.9,223.6,224.2,353.252
2024-07-06 08:00:00,224.1,224.6,220.7,220.9,370.6205
2024-07-06 08:15:00,221.1,222.4,220.0,222.2,157.4023
2024-07-06 08:30:00,222.0,222.0,219.5,220.1,310.2037
2024-07-06 08:45:00,220.0,220.6,219.8,220.1,91.2444
2024-07-06 09:00:00,220.4,221.2,219.1,220.1,251.2894
2024-07-06 09:15:00,220.2,221.3,219.9,220.8,362.1008
2024-07-06 09:30:00,220.7,222.1,220.4,220.8,362.5318
2024-07-06 09:45:00,220.8,221.3,220.4,220.9,382.8339
2024-07-06 10:00:00,220.9,222.7,220.9,222.6,337.6444
2024-07-06 10:15:00,222.6,225.0,222.3,222.6,526.5477
2024-07-06 10:30:00,222.5,222.6,218.5,221.2,2154.25
2024-07-06 10:45:00,221.2,221.2,220.0,220.6,233.4592
2024-07-06 11:00:00,220.6,222.0,220.4,221.4,236.048
2024-07-06 11:15:00,221.5,222.4,221.0,222.2,125.3182
2024-07-06 11:30:00,222.3,222.3,219.2,219.8,304.6663
2024-07-06 11:45:00,219.9,222.0,219.2,220.6,904.8114
2024-07-06 12:00:00,220.6,221.2,219.8,220.5,276.345
2024-07-06 12:15:00,220.6,222.1,220.4,221.6,154.0952
2024-07-06 12:30:00,221.6,222.4,220.6,220.8,57.1337
2024-07-06 12:45:00,220.8,221.1,220.2,220.2,75.1422
2024-07-06 13:00:00,220.3,221.9,220.2,221.7,46.5844
2024-07-06 13:15:00,221.8,224.4,221.6,224.2,336.1581
2024-07-06 13:30:00,224.1,225.4,223.9,225.0,146.1443
2024-07-06 13:45:00,225.0,225.2,223.7,224.3,144.4694
2024-07-06 14:00:00,224.3,227.6,224.1,227.6,251.9532
2024-07-06 14:15:00,227.6,228.7,227.1,227.1,330.7942
2024-07-06 14:30:00,227.1,227.6,226.4,226.6,315.4343
2024-07-06 14:45:00,226.8,226.8,226.0,226.1,89.0959
2024-07-06 15:00:00,226.2,226.4,225.0,225.4,144.3598
2024-07-06 15:15:00,225.3,226.1,225.1,225.5,221.1429
2024-07-06 15:30:00,225.3,225.6,224.3,224.3,236.6465
2024-07-06 15:45:00,224.2,224.2,223.1,223.4,243.2017
2024-07-06 16:00:00,223.3,223.3,220.4,220.4,452.1882
2024-07-06 16:15:00,220.3,221.8,220.2,221.4,370.2406
2024-07-06 16:30:00,221.4,222.4,220.5,222.2,373.0368
2024-07-06 16:45:00,222.1,223.9,221.3,223.8,334.8557
2024-07-06 17:00:00,223.6,224.9,223.5,223.5,343.4647
2024-07-06 17:15:00,223.3,226.6,223.1,225.8,662.2392
2024-07-06 17:30:00,225.6,226.0,223.6,224.1,599.0686
2024-07-06 17:45:00,224.0,226.2,223.8,225.8,320.0476
2024-07-06 18:00:00,225.8,226.7,225.7,226.6,169.5713
2024-07-06 18:15:00,226.7,227.6,226.4,226.9,130.5118
2024-07-06 18:30:00,226.6,226.6,224.2,224.3,196.9573
2024-07-06 18:45:00,224.3,224.8,224.1,224.8,148.3905
2024-07-06 19:00:00,224.6,225.2,223.5,223.6,113.4083
2024-07-06 19:15:00,223.7,224.8,223.7,223.9,339.5499
2024-07-06 19:30:00,223.8,224.4,223.1,223.7,277.1571
2024-07-06 19:45:00,223.5,224.1,222.4,224.1,191.0926
2024-07-06 20:00:00,224.1,225.2,222.5,224.5,526.3346
2024-07-06 20:15:00,224.5,226.2,224.2,225.1,233.8039
2024-07-06 20:30:00,225.1,227.8,224.9,227.8,545.5131
2024-07-06 20:45:00,227.8,229.6,227.1,227.5,438.6657
2024-07-06 21:00:00,227.5,229.3,226.2,226.6,208.5847
2024-07-06 21:15:00,226.6,227.2,225.2,225.9,224.418
2024-07-06 21:30:00,225.9,227.4,224.4,226.2,239.995
2024-07-06 21:45:00,226.2,227.0,225.2,225.8,200.3237
2024-07-06 22:00:00,226.0,226.0,224.1,224.4,408.9315
2024-07-06 22:15:00,224.3,226.4,224.2,226.2,314.2843
2024-07-06 22:30:00,226.1,227.4,226.1,227.4,314.9772
2024-07-06 22:45:00,227.4,228.0,226.5,227.1,304.4293
2024-07-06 23:00:00,227.3,228.0,225.6,227.1,334.2975
2024-07-06 23:15:00,227.1,229.4,227.1,228.0,487.0266
2024-07-06 23:30:00,227.9,230.5,227.3,230.0,975.1468
2024-07-06 23:45:00,230.0,232.5,228.5,229.1,2033.5719
2024-07-07 00:00:00,229.3,230.3,227.3,230.1,754.8426
2024-07-07 00:15:00,230.1,231.4,229.2,229.8,493.4039
2024-07-07 00:30:00,229.8,230.0,228.0,228.2,339.2574
2024-07-07 00:45:00,228.1,228.6,227.1,228.4,288.1423
2024-07-07 01:00:00,228.3,228.9,226.9,227.0,345.3733
2024-07-07 01:15:00,227.1,227.4,225.9,226.0,279.2118
2024-07-07 01:30:00,226.0,226.8,225.0,225.4,332.4206
2024-07-07 01:45:00,225.5,226.6,224.7,226.4,405.3095
2024-07-07 02:00:00,226.4,227.1,225.7,225.7,114.5374
2024-07-07 02:15:00,225.9,228.0,225.8,226.2,352.6845
2024-07-07 02:30:00,226.2,226.8,225.7,226.0,332.8737
2024-07-07 02:45:00,226.0,227.1,225.7,226.7,126.3586
2024-07-07 03:00:00,226.7,228.9,226.4,227.9,273.7832
2024-07-07 03:15:00,228.1,229.3,227.8,229.1,186.292
2024-07-07 03:30:00,229.0,230.6,228.3,228.4,614.0806
2024-07-07 03:45:00,228.2,229.4,227.5,227.8,175.0027
2024-07-07 04:00:00,227.9,230.2,227.9,229.7,284.4193
2024-07-07 04:15:00,229.5,230.4,229.1,229.8,155.7926
2024-07-07 04:30:00,229.8,230.1,228.0,229.0,221.3916
2024-07-07 04:45:00,229.4,231.2,229.3,230.9,198.0184
2024-07-07 05:00:00,230.9,231.9,230.7,230.8,289.3807
2024-07-07 05:15:00,230.9,232.8,230.9,231.7,366.9941
2024-07-07 05:30:00,231.7,232.0,230.6,230.9,216.3161
2024-07-07 05:45:00,231.0,231.2,230.1,230.5,134.1832
2024-07-07 06:00:00,230.5,230.8,229.2,229.9,147.2829
2024-07-07 06:15:00,229.8,231.4,229.7,230.8,183.4386
2024-07-07 06:30:00,230.8,231.0,229.0,229.7,282.0094
2024-07-07 06:45:00,229.7,231.7,229.5,230.7,165.7995
2024-07-07 07:00:00,230.8,231.0,228.3,228.6,291.543
2024-07-07 07:15:00,228.5,229.6,228.2,228.6,132.5372
2024-07-07 07:30:00,228.8,229.4,228.1,228.8,201.1885
2024-07-07 07:45:00,228.8,228.9,226.6,227.1,186.6743
2024-07-07 08:00:00,227.3,227.8,226.1,227.1,373.4619
2024-07-07 08:15:00,227.2,227.5,224.7,225.5,361.748
2024-07-07 08:30:00,225.5,226.6,225.4,226.3,131.9227
2024-07-07 08:45:00,226.4,228.3,226.4,227.2,152.3425
2024-07-07 09:00:00,227.1,231.0,227.1,230.9,275.1697
2024-07-07 09:15:00,231.0,231.0,230.1,230.2,246.9533
2024-07-07 09:30:00,230.3,230.6,229.4,229.6,90.561
2024-07-07 09:45:00,229.7,232.5,229.5,232.4,310.6918
2024-07-07 10:00:00,232.5,232.5,229.3,229.3,219.5232
2024-07-07 10:15:00,229.4,229.9,228.1,228.7,151.2218
2024-07-07 10:30:00,229.0,229.2,227.7,228.3,236.6281
2024-07-07 10:45:00,228.4,229.1,228.0,228.5,210.812
2024-07-07 11:00:00,228.6,229.2,226.3,226.8,185.18
2024-07-07 11:15:00,226.9,228.2,226.9,227.4,95.9782
2024-07-07 11:30:00,227.2,227.5,225.0,225.7,291.398
2024-07-07 11:45:00,225.7,226.0,223.9,224.1,417.9165
2024-07-07 12:00:00,224.1,224.7,222.1,223.5,342.4674
2024-07-07 12:15:00,223.5,225.6,223.3,225.0,309.0309
2024-07-07 12:30:00,225.1,226.0,224.2,224.2,160.4065
2024-07-07 12:45:00,224.4,224.4,223.4,224.2,182.0564
2024-07-07 13:00:00,224.3,225.4,224.1,224.4,142.6175
2024-07-07 13:15:00,224.4,225.4,223.9,225.1,47.3404
2024-07-07 13:30:00,224.8,224.9,224.0,224.8,69.3798
2024-07-07 13:45:00,224.8,224.8,223.1,224.3,207.2572
2024-07-07 14:00:00,224.4,225.8,223.8,223.8,80.6426
2024-07-07 14:15:00,223.9,225.3,221.5,221.7,860.4777
2024-07-07 14:30:00,221.7,222.5,220.5,222.5,389.3196
2024-07-07 14:45:00,222.4,223.3,222.3,223.0,86.547
2024-07-07 15:00:00,223.2,225.2,223.2,223.8,812.9528
2024-07-07 15:15:00,223.9,225.5,222.3,222.4,406.0592
2024-07-07 15:30:00,222.4,224.9,222.2,223.1,534.5032
2024-07-07 15:45:00,223.4,223.8,222.8,223.6,141.2514
2024-07-07 16:00:00,223.4,224.5,222.4,222.6,138.8372
2024-07-07 16:15:00,222.6,225.3,222.4,225.3,749.872
2024-07-07 16:30:00,225.2,225.2,224.0,225.0,165.1469
2024-07-07 16:45:00,224.9,227.0,223.9,226.9,164.949
2024-07-07 17:00:00,226.9,230.0,226.8,227.7,551.7355
2024-07-07 17:15:00,227.6,228.1,226.2,226.3,197.9544
2024-07-07 17:30:00,226.4,227.6,224.6,225.0,285.3399
2024-07-07 17:45:00,225.0,225.0,223.1,223.8,186.2791
2024-07-07 18:00:00,223.9,226.1,223.6,224.0,520.6831
2024-07-07 18:15:00,224.0,224.7,223.4,223.6,622.5652
2024-07-07 18:30:00,223.5,224.8,223.2,224.0,117.4857
2024-07-07 18:45:00,224.0,228.4,224.0,227.7,838.331
2024-07-07 19:00:00,227.6,230.1,227.0,229.4,359.684
2024-07-07 19:15:00,229.4,231.3,228.0,228.4,719.2652
2024-07-07 19:30:00,228.3,229.2,226.2,226.2,352.3175
2024-07-07 19:45:00,226.2,226.9,225.1,225.4,287.5422
2024-07-07 20:00:00,225.4,225.5,221.6,221.8,706.2363
2024-07-07 20:15:00,221.9,222.3,218.7,219.9,653.575
2024-07-07 20:30:00,219.9,222.2,218.4,219.2,1306.4523
2024-07-07 20:45:00,219.3,220.3,218.1,220.0,645.7956
2024-07-07 21:00:00,219.7,220.4,216.4,216.9,1161.7066
2024-07-07 21:15:00,217.3,218.0,215.1,217.9,549.9039
2024-07-07 21:30:00,218.0,219.8,217.4,218.5,368.5841
2024-07-07 21:45:00,218.5,218.8,216.9,218.0,201.5605
2024-07-07 22:00:00,217.9,220.6,217.3,219.0,918.7272
2024-07-07 22:15:00,219.0,221.4,218.1,220.5,1062.2289
2024-07-07 22:30:00,220.6,220.8,218.5,219.5,452.7466
2024-07-07 22:45:00,219.1,219.6,217.7,218.9,204.4127
2024-07-07 23:00:00,218.9,221.9,218.5,221.0,532.1344
2024-07-07 23:15:00,221.1,222.0,218.7,219.0,467.9056
2024-07-07 23:30:00,219.0,221.5,218.3,221.1,534.7735
2024-07-07 23:45:00,221.2,222.0,220.5,222.0,221.0218
2024-07-08 00:00:00,222.0,222.8,220.6,220.9,251.8652
2024-07-08 00:15:00,221.0,221.3,219.3,219.6,183.0429
2024-07-08 00:30:00,219.6,220.7,219.1,220.7,106.9979
2024-07-08 00:45:00,220.6,223.8,220.3,222.5,232.884
2024-07-08 01:00:00,222.5,223.4,221.6,222.0,81.0517
2024-07-08 01:15:00,221.8,223.2,221.7,223.0,343.2709
2024-07-08 01:30:00,222.9,223.6,221.6,221.8,550.2607
2024-07-08 01:45:00,221.8,221.9,220.3,221.6,331.335
2024-07-08 02:00:00,221.6,221.6,220.1,220.3,100.6884
2024-07-08 02:15:00,220.3,220.7,218.4,219.2,350.6064
2024-07-08 02:30:00,219.2,219.2,217.7,218.5,251.0885
2024-07-08 02:45:00,218.4,219.8,218.4,219.6,106.4096
2024-07-08 03:00:00,219.6,220.7,219.2,220.5,164.3632
2024-07-08 03:15:00,220.8,221.9,220.3,220.3,163.7541
2024-07-08 03:30:00,220.1,220.7,219.9,220.5,79.1025
2024-07-08 03:45:00,220.4,220.4,219.0,219.5,170.4716
2024-07-08 04:00:00,219.4,219.5,215.6,215.8,205.8403
2024-07-08 04:15:00,215.8,216.4,213.3,213.7,966.5638
2024-07-08 04:30:00,213.9,216.1,213.2,215.5,351.2888
2024-07-08 04:45:00,215.4,218.1,215.1,217.5,258.5497
2024-07-08 05:00:00,217.3,219.0,217.3,217.7,171.2682
2024-07-08 05:15:00,217.6,218.4,217.2,217.3,49.3228
2024-07-08 05:30:00,217.3,218.4,216.3,216.5,57.9338
2024-07-08 05:45:00,216.6,216.8,214.5,215.0,169.8716
2024-07-08 06:00:00,215.0,218.0,214.8,217.9,385.1846
2024-07-08 06:15:00,217.9,218.6,216.7,217.4,336.4144
2024-07-08 06:30:00,217.4,218.0,215.5,215.7,84.1196
2024-07-08 06:45:00,215.9,216.6,214.1,216.2,238.1557
2024-07-08 07:00:00,216.2,216.9,212.8,213.4,373.7001
2024-07-08 07:15:00,213.2,215.7,213.2,215.7,438.8612
2024-07-08 07:30:00,215.7,215.7,208.1,208.8,748.4078
2024-07-08 07:45:00,208.6,210.5,206.8,208.3,1503.1448
2024-07-08 08:00:00,208.4,208.6,205.8,206.1,2333.2196
2024-07-08 08:15:00,206.5,209.3,206.1,207.9,2555.6896
2024-07-08 08:30:00,207.6,207.6,204.8,205.6,1577.0686
2024-07-08 08:45:00,205.7,210.1,205.6,209.2,1822.6176
2024-07-08 09:00:00,209.2,211.9,208.5,209.7,1340.3533
2024-07-08 09:15:00,209.7,213.3,207.9,213.1,2292.029
2024-07-08 09:30:00,213.0,216.0,212.6,215.0,2533.7162
2024-07-08 09:45:00,215.0,216.1,212.9,213.7,3264.9799
2024-07-08 10:00:00,213.8,214.8,212.6,214.4,2064.8404
2024-07-08 10:15:00,214.7,215.0,212.0,213.5,1087.2107
2024-07-08 10:30:00,213.5,217.2,212.2,215.8,1783.7581
2024-07-08 10:45:00,216.0,216.0,214.5,214.5,110.6725
2024-07-08 11:00:00,214.4,215.7,213.0,214.9,255.1715
2024-07-08 11:15:00,214.5,215.8,213.3,215.3,240.8875
2024-07-08 11:30:00,215.5,219.8,215.0,219.4,505.2154
2024-07-08 11:45:00,219.1,220.3,218.3,218.3,392.9671
2024-07-08 12:00:00,218.5,220.1,218.2,219.3,188.6368
2024-07-08 12:15:00,219.5,220.7,216.1,217.5,5804.352
2024-07-08 12:30:00,217.6,217.7,214.7,215.4,4579.912
2024-07-08 12:45:00,215.5,216.2,214.9,216.1,861.2025
2024-07-08 13:00:00,216.0,216.8,214.8,215.3,2725.4275
2024-07-08 13:15:00,215.4,218.2,214.7,217.3,2375.7024
2024-07-08 13:30:00,217.4,218.3,215.7,215.9,2114.1343
2024-07-08 13:45:00,215.9,217.7,215.5,216.2,882.2596
2024-07-08 14:00:00,216.2,216.5,213.3,214.2,393.5357
2024-07-08 14:15:00,214.2,215.5,213.6,215.1,237.8923
2024-07-08 14:30:00,215.1,217.0,213.9,215.4,562.51
2024-07-08 14:45:00,215.3,215.8,214.7,215.0,353.9995
2024-07-08 15:00:00,215.0,219.3,214.3,218.4,565.2134
2024-07-08 15:15:00,218.3,223.4,218.0,223.4,495.4086
2024-07-08 15:30:00,223.5,225.9,222.5,224.2,1090.2819
2024-07-08 15:45:00,224.2,226.8,224.1,226.3,530.0674
2024-07-08 16:00:00,226.4,229.0,225.9,227.1,902.4844
2024-07-08 16:15:00,227.1,230.2,226.3,229.6,509.828
2024-07-08 16:30:00,229.6,230.7,228.0,228.6,759.6983
2024-07-08 16:45:00,228.6,232.3,228.2,231.3,584.7187
2024-07-08 17:00:00,231.5,232.0,229.9,231.7,215.0936
2024-07-08 17:15:00,231.7,232.9,230.1,230.7,226.6495
2024-07-08 17:30:00,230.7,231.8,230.0,230.5,369.042
2024-07-08 17:45:00,230.5,231.2,227.4,228.2,1236.2533
2024-07-08 18:00:00,228.3,235.0,228.3,234.6,824.0972
2024-07-08 18:15:00,234.9,238.7,234.2,237.3,824.1953
2024-07-08 18:30:00,237.3,239.5,235.7,238.2,744.3911
2024-07-08 18:45:00,238.3,241.4,238.2,239.4,1010.6658
2024-07-08 19:00:00,239.5,239.7,236.3,236.5,691.753
2024-07-08 19:15:00,236.5,238.8,236.1,236.5,368.6758
2024-07-08 19:30:00,236.5,237.9,235.9,237.7,464.7094
2024-07-08 19:45:00,237.8,239.2,237.1,237.5,466.1298
2024-07-08 20:00:00,237.5,239.0,235.9,237.0,392.0945
2024-07-08 20:15:00,237.0,238.4,235.1,236.3,354.1312
2024-07-08 20:30:00,236.1,236.4,233.9,234.5,468.838
2024-07-08 20:45:00,234.6,235.2,231.8,232.4,498.8933
2024-07-08 21:00:00,232.3,232.7,230.6,231.4,552.4875
2024-07-08 21:15:00,231.3,231.9,225.9,225.9,1282.5613
2024-07-08 21:30:00,225.8,229.1,221.9,227.3,3215.2196
2024-07-08 21:45:00,227.3,230.9,226.2,230.6,1384.8029
2024-07-08 22:00:00,230.4,231.3,227.9,230.5,3328.0542
2024-07-08 22:15:00,230.5,230.7,228.1,229.9,1335.5543
2024-07-08 22:30:00,230.0,230.6,227.3,227.7,1020.8359
2024-07-08 22:45:00,227.6,228.5,226.0,226.4,428.2727
2024-07-08 23:00:00,226.4,228.8,226.1,228.3,1578.2711
2024-07-08 23:15:00,228.4,228.7,224.8,225.4,4723.5789
2024-07-08 23:30:00,225.6,226.4,224.6,226.3,1817.05
2024-07-08 23:45:00,226.4,227.5,224.8,225.8,2872.6119
2024-07-09 00:00:00,225.7,227.0,224.6,225.7,1382.6183
2024-07-09 00:15:00,225.8,227.0,224.3,225.4,2365.8849
2024-07-09 00:30:00,225.5,226.3,225.0,225.3,299.2163
2024-07-09 00:45:00,225.3,226.9,224.9,226.6,203.925
2024-07-09 01:00:00,226.5,227.4,225.9,226.9,283.0366
2024-07-09 01:15:00,227.0,227.6,226.9,227.3,77.5648
2024-07-09 01:30:00,227.1,229.1,226.9,228.2,846.745
2024-07-09 01:45:00,228.2,233.8,228.1,231.5,3092.2114
2024-07-09 02:00:00,231.5,231.9,230.6,230.9,193.6563
2024-07-09 02:15:00,231.0,231.1,229.9,230.5,141.5125
2024-07-09 02:30:00,230.4,230.5,228.7,228.8,229.0791
2024-07-09 02:45:00,228.7,230.8,228.5,229.6,173.8949
2024-07-09 03:00:00,229.6,230.1,227.8,227.9,279.7274
2024-07-09 03:15:00,227.8,229.4,227.4,229.4,186.5895
2024-07-09 03:30:00,229.5,229.8,227.6,227.7,176.0535
2024-07-09 03:45:00,227.6,228.2,226.8,227.3,122.6375
2024-07-09 04:00:00,227.2,227.8,226.5,227.8,111.6058
2024-07-09 04:15:00,227.9,230.1,227.8,230.0,172.4929
2024-07-09 04:30:00,229.9,230.2,228.3,229.1,192.301
2024-07-09 04:45:00,229.0,230.8,228.8,230.7,362.4379
2024-07-09 05:00:00,230.6,231.7,230.0,231.1,370.9051
2024-07-09 05:15:00,231.1,232.2,230.4,231.2,223.366
2024-07-09 05:30:00,231.3,231.9,231.0,231.2,140.1906
2024-07-09 05:45:00,231.1,231.1,230.1,230.6,94.2121
2024-07-09 06:00:00,230.6,231.8,230.3,231.7,129.3401
2024-07-09 06:15:00,231.5,232.4,231.0,231.7,453.6532
2024-07-09 06:30:00,231.8,232.4,230.7,231.1,63.7426
2024-07-09 06:45:00,231.1,231.8,230.5,231.1,62.0969
2024-07-09 07:00:00,230.9,231.4,229.6,231.1,183.7058
2024-07-09 07:15:00,231.2,231.2,229.5,229.8,127.5017
2024-07-09 07:30:00,229.7,231.4,228.8,229.9,298.6367
2024-07-09 07:45:00,229.9,232.1,229.3,230.4,1209.3885
2024-07-09 08:00:00,230.4,237.3,230.1,237.2,2191.4402
2024-07-09 08:15:00,237.1,238.8,234.5,235.0,3500.6315
2024-07-09 08:30:00,235.1,235.7,232.0,232.3,1234.9841
2024-07-09 08:45:00,232.4,234.9,232.1,234.7,168.4554
2024-07-09 09:00:00,234.6,234.6,232.3,233.5,424.4092
2024-07-09 09:15:00,233.5,234.4,232.8,232.9,1583.3875
2024-07-09 09:30:00,232.9,234.7,232.5,234.0,1354.167
2024-07-09 09:45:00,234.0,236.3,232.4,236.3,1280.9154
2024-07-09 10:00:00,236.3,236.7,233.9,234.1,2061.698
2024-07-09 10:15:00,233.9,234.5,232.0,232.5,1346.4129
2024-07-09 10:30:00,232.6,233.0,231.3,232.4,333.2797
2024-07-09 10:45:00,232.3,234.6,231.9,234.2,509.1183
2024-07-09 11:00:00,234.1,236.4,233.8,235.9,516.7942
2024-07-09 11:15:00,235.9,236.9,234.8,234.9,1743.5201
2024-07-09 11:30:00,234.8,236.4,234.2,235.7,797.5027
2024-07-09 11:45:00,235.7,238.5,235.6,238.0,376.8413
2024-07-09 12:00:00,237.9,238.8,236.2,236.6,235.4169
2024-07-09 12:15:00,236.5,237.8,235.5,235.8,2940.0056
2024-07-09 12:30:00,235.8,237.5,235.4,236.5,2754.1061
2024-07-09 12:45:00,236.5,236.6,235.3,236.4,3276.224
2024-07-09 13:00:00,236.3,237.0,235.3,235.9,665.0957
2024-07-09 13:15:00,235.9,238.6,235.8,237.3,1081.4782
2024-07-09 13:30:00,237.5,237.5,235.4,235.8,3984.7368
2024-07-09 13:45:00,235.8,236.1,234.0,234.5,2481.4723
2024-07-09 14:00:00,234.5,234.9,233.3,234.2,1795.5416
2024-07-09 14:15:00,234.2,235.7,232.1,235.4,2041.6903
2024-07-09 14:30:00,235.4,236.9,235.0,236.1,296.7332
2024-07-09 14:45:00,236.0,237.4,235.8,237.0,153.5126
2024-07-09 15:00:00,237.2,237.3,234.3,236.5,1339.2015
2024-07-09 15:15:00,236.5,237.4,234.7,235.9,3222.5347
2024-07-09 15:30:00,236.0,239.0,235.9,238.9,3994.2926
2024-07-09 15:45:00,238.9,238.9,237.0,237.8,3697.4716
2024-07-09 16:00:00,237.8,238.8,237.1,238.6,2539.6525
2024-07-09 16:15:00,238.6,240.5,238.2,238.6,3900.2033
2024-07-09 16:30:00,238.5,242.3,238.5,241.8,2308.5221
2024-07-09 16:45:00,241.8,249.2,241.7,247.1,2851.512
2024-07-09 17:00:00,247.2,250.0,246.2,248.9,1914.0025
2024-07-09 17:15:00,249.0,249.2,246.0,246.5,1511.7265
2024-07-09 17:30:00,246.6,250.0,246.0,248.8,1199.9433
2024-07-09 17:45:00,249.0,253.7,247.2,253.0,2157.7974
2024-07-09 18:00:00,253.0,253.5,248.7,249.8,1465.9113
2024-07-09 18:15:00,249.9,253.4,248.1,253.0,1221.7705
2024-07-09 18:30:00,252.9,255.1,251.9,252.1,1378.3173
2024-07-09 18:45:00,252.1,254.6,251.8,252.2,823.5542
2024-07-09 19:00:00,252.1,254.0,250.6,251.8,892.4888
2024-07-09 19:15:00,251.6,251.6,248.0,248.9,1423.5931
2024-07-09 19:30:00,248.8,251.2,248.7,250.3,815.0839
2024-07-09 19:45:00,250.3,251.3,249.2,249.5,2849.0339
2024-07-09 20:00:00,249.5,249.9,247.9,249.5,979.4826
2024-07-09 20:15:00,249.4,249.7,247.4,248.2,1769.0534
2024-07-09 20:30:00,248.1,250.6,248.1,249.3,2174.1562
2024-07-09 20:45:00,249.3,252.8,248.5,252.1,3318.7655
2024-07-09 21:00:00,252.2,261.5,252.2,260.6,3011.8917
2024-07-09 21:15:00,260.4,266.0,260.3,263.8,6892.9448
2024-07-09 21:30:00,263.7,267.1,261.4,264.2,3338.6156
2024-07-09 21:45:00,264.1,264.5,258.6,260.5,2111.8241
2024-07-09 22:00:00,260.4,262.3,257.8,262.2,1636.0058
2024-07-09 22:15:00,262.1,264.0,259.0,259.9,1837.5052
2024-07-09 22:30:00,260.0,261.8,258.7,260.9,839.1017
2024-07-09 22:45:00,261.1,263.5,260.9,262.1,1294.4356
2024-07-09 23:00:00,261.9,268.0,261.7,267.4,2007.6977
2024-07-09 23:15:00,267.4,267.8,264.7,265.1,842.5662
2024-07-09 23:30:00,265.2,265.5,262.8,262.9,725.5605
2024-07-09 23:45:00,262.8,263.4,260.8,262.8,540.3781
2024-07-10 00:00:00,262.9,263.8,261.2,261.9,562.3348
2024-07-10 00:15:00,261.8,262.0,260.7,261.9,417.7172
2024-07-10 00:30:00,261.9,263.1,260.5,260.7,186.3019
2024-07-10 00:45:00,260.6,260.8,259.1,260.4,365.8321
2024-07-10 01:00:00,260.5,263.1,259.7,262.6,499.2093
2024-07-10 01:15:00,262.5,263.1,261.1,261.3,153.3448
2024-07-10 01:30:00,261.6,261.9,260.3,261.7,194.6122
2024-07-10 01:45:00,261.7,261.9,259.9,260.7,280.9741
2024-07-10 02:00:00,260.9,260.9,255.3,256.8,1262.7003
2024-07-10 02:15:00,256.7,259.3,256.7,258.6,443.5269
2024-07-10 02:30:00,258.5,258.8,257.2,258.8,311.586
2024-07-10 02:45:00,258.9,259.6,258.8,259.5,126.7969
2024-07-10 03:00:00,259.5,260.8,258.2,259.1,458.663
2024-07-10 03:15:00,258.9,259.1,257.5,257.5,187.8081
2024-07-10 03:30:00,257.5,257.7,256.4,257.2,290.6247
2024-07-10 03:45:00,257.3,258.5,256.4,256.8,747.3832
2024-07-10 04:00:00,256.9,258.6,256.7,257.4,458.8298
2024-07-10 04:15:00,257.3,257.5,256.4,256.7,468.7118
2024-07-10 04:30:00,256.8,256.8,255.5,255.6,170.1183
2024-07-10 04:45:00,255.6,256.0,253.9,255.2,1415.6872
2024-07-10 05:00:00,255.2,255.5,252.4,253.9,1053.3601
2024-07-10 05:15:00,253.9,253.9,251.3,252.5,1521.6729
2024-07-10 05:30:00,252.5,252.7,250.7,251.9,808.1105
2024-07-10 05:45:00,251.9,252.0,250.3,250.6,566.5196
2024-07-10 06:00:00,250.7,251.8,250.6,250.9,447.6728
2024-07-10 06:15:00,251.0,254.0,250.9,253.2,1280.4257
2024-07-10 06:30:00,253.1,255.0,253.0,253.9,730.7033
2024-07-10 06:45:00,253.9,255.7,253.5,255.5,1081.789
2024-07-10 07:00:00,255.4,255.5,251.8,254.7,1204.9203
2024-07-10 07:15:00,254.6,254.6,252.4,253.4,339.0409
2024-07-10 07:30:00,253.5,254.8,253.2,253.4,244.053
2024-07-10 07:45:00,253.2,254.3,252.0,252.5,243.0451
2024-07-10 08:00:00,252.5,254.1,251.7,254.0,229.9189
2024-07-10 08:15:00,254.0,254.1,252.7,254.0,74.7772
2024-07-10 08:30:00,254.1,255.5,253.4,253.8,303.0126
2024-07-10 08:45:00,253.8,254.7,253.2,254.3,336.3703
2024-07-10 09:00:00,254.3,254.8,253.6,254.1,99.5116
2024-07-10 09:15:00,254.2,254.5,253.1,253.9,164.2176
2024-07-10 09:30:00,253.8,255.9,253.8,255.1,185.3101
2024-07-10 09:45:00,255.2,256.2,255.0,255.3,142.9707
2024-07-10 10:00:00,255.3,256.9,255.3,256.0,282.0001
2024-07-10 10:15:00,255.9,257.3,255.8,256.6,158.3065
2024-07-10 10:30:00,256.5,258.2,256.3,257.4,98.956
2024-07-10 10:45:00,257.2,258.3,257.2,258.2,253.4212
2024-07-10 11:00:00,258.2,260.8,257.5,258.9,767.3252
2024-07-10 11:15:00,258.9,263.4,258.3,263.0,768.3655
2024-07-10 11:30:00,263.0,263.2,260.8,261.3,536.6162
2024-07-10 11:45:00,261.1,264.2,260.3,264.2,318.6398
2024-07-10 12:00:00,264.1,266.2,263.3,264.2,832.3927
2024-07-10 12:15:00,264.4,264.6,262.3,263.2,463.3838
2024-07-10 12:30:00,263.2,264.3,262.4,262.9,321.5942
2024-07-10 12:45:00,263.0,263.4,262.2,263.4,338.032
2024-07-10 13:00:00,263.4,263.4,261.3,262.8,1331.1107
2024-07-10 13:15:00,262.9,263.3,261.0,262.3,895.346
2024-07-10 13:30:00,262.3,262.8,260.6,262.6,990.8466
2024-07-10 13:45:00,262.6,263.4,262.1,262.9,586.9975
2024-07-10 14:00:00,262.9,263.4,262.5,263.3,395.3837
2024-07-10 14:15:00,263.3,265.3,262.3,264.9,1559.1533
2024-07-10 14:30:00,264.8,266.0,263.0,263.8,1917.7098
2024-07-10 14:45:00,263.7,263.9,260.0,262.0,2159.7414
2024-07-10 15:00:00,262.0,262.6,259.7,261.1,803.936
2024-07-10 15:15:00,261.1,263.2,260.9,263.2,320.1556
2024-07-10 15:30:00,263.2,265.0,262.7,263.7,555.527
2024-07-10 15:45:00,263.7,265.0,263.0,264.7,324.8573
2024-07-10 16:00:00,264.8,266.1,264.1,265.5,453.9554
2024-07-10 16:15:00,265.6,265.8,262.9,263.3,475.8616
2024-07-10 16:30:00,263.2,265.5,261.8,265.1,431.3928
2024-07-10 16:45:00,265.1,267.4,265.0,267.0,694.8042
2024-07-10 17:00:00,267.0,267.4,263.6,263.9,683.2529
2024-07-10 17:15:00,263.9,268.3,263.8,266.8,763.8865
2024-07-10 17:30:00,266.7,268.8,266.6,267.5,486.6488
2024-07-10 17:45:00,267.4,270.9,267.2,270.7,785.9472
2024-07-10 18:00:00,270.6,272.5,269.3,271.4,1016.46
2024-07-10 18:15:00,271.4,271.5,267.5,267.9,1200.926
2024-07-10 18:30:00,268.2,268.9,266.0,267.7,454.6391
2024-07-10 18:45:00,267.7,271.2,267.7,270.1,461.187
2024-07-10 19:00:00,270.0,270.3,266.7,267.5,584.0142
2024-07-10 19:15:00,267.5,267.9,266.1,266.2,276.1614
2024-07-10 19:30:00,266.1,266.2,262.3,263.5,1670.3231
2024-07-10 19:45:00,263.5,264.0,262.0,263.5,577.2664
2024-07-10 20:00:00,263.6,267.0,261.5,265.4,1824.9695
2024-07-10 20:15:00,265.5,265.9,262.8,264.2,794.575
2024-07-10 20:30:00,264.1,267.0,262.3,263.7,1351.7774
2024-07-10 20:45:00,263.7,266.4,263.7,264.5,709.4358
2024-07-10 21:00:00,264.5,265.2,262.5,263.4,487.5251
2024-07-10 21:15:00,263.3,266.2,262.4,264.8,368.7133
2024-07-10 21:30:00,264.8,266.0,264.5,265.7,217.8164
2024-07-10 21:45:00,265.5,265.8,259.3,262.1,2298.071
2024-07-10 22:00:00,262.1,264.4,261.3,264.3,775.6617
2024-07-10 22:15:00,264.3,266.3,264.1,265.3,225.898
2024-07-10 22:30:00,265.3,267.5,263.8,267.3,793.6872
2024-07-10 22:45:00,267.2,267.7,264.6,264.7,669.6349
2024-07-10 23:00:00,264.7,265.4,263.9,264.8,461.6215
2024-07-10 23:15:00,264.8,266.2,264.4,265.5,174.7197
2024-07-10 23:30:00,265.5,266.9,264.9,266.7,378.1214
2024-07-10 23:45:00,266.6,266.8,263.3,264.3,469.5509
2024-07-11 00:00:00,264.3,264.8,263.5,263.9,246.4719
2024-07-11 00:15:00,264.1,264.7,263.4,263.9,151.3443
2024-07-11 00:30:00,264.1,264.1,262.1,262.3,186.5393
2024-07-11 00:45:00,262.4,262.5,261.4,261.5,161.315
2024-07-11 01:00:00,261.7,262.8,261.5,262.2,166.1438
2024-07-11 01:15:00,262.2,262.7,260.9,261.1,292.2622
2024-07-11 01:30:00,261.2,261.8,260.4,260.8,235.7631
2024-07-11 01:45:00,261.1,261.4,260.5,260.7,49.6767
2024-07-11 02:00:00,260.7,260.7,259.5,259.6,154.5858
2024-07-11 02:15:00,259.6,260.5,259.4,259.8,201.6913
2024-07-11 02:30:00,259.8,260.9,259.7,260.0,103.3058
2024-07-11 02:45:00,260.2,260.4,259.8,260.1,92.056
2024-07-11 03:00:00,260.1,261.2,259.4,260.3,201.9605
2024-07-11 03:15:00,260.2,260.5,259.2,259.6,180.6505
2024-07-11 03:30:00,259.6,260.0,258.8,259.9,79.78
2024-07-11 03:45:00,259.8,260.4,259.4,259.7,88.0787
2024-07-11 04:00:00,259.6,259.7,258.1,258.3,73.795
2024-07-11 04:15:00,258.3,258.9,257.6,258.5,126.7103
2024-07-11 04:30:00,258.5,258.7,258.0,258.5,117.9596
2024-07-11 04:45:00,258.6,259.5,258.3,259.2,82.5694
2024-07-11 05:00:00,259.2,260.3,259.2,259.4,239.7991
2024-07-11 05:15:00,259.4,260.6,259.0,260.0,213.5738
2024-07-11 05:30:00,259.9,260.1,257.9,258.2,175.3416
2024-07-11 05:45:00,258.2,258.5,257.8,258.0,160.1592
2024-07-11 06:00:00,257.9,259.1,257.8,259.0,112.8713
2024-07-11 06:15:00,259.0,260.2,258.9,259.9,43.5295
2024-07-11 06:30:00,259.9,260.9,259.3,260.5,206.5985
2024-07-11 06:45:00,260.5,260.5,259.2,259.6,65.8921
2024-07-11 07:00:00,259.5,260.4,259.4,259.9,54.0991
2024-07-11 07:15:00,260.0,262.0,259.7,260.6,254.7575
2024-07-11 07:30:00,260.6,261.2,256.6,256.9,2112.1143
2024-07-11 07:45:00,256.9,259.0,256.9,257.3,1599.2579
2024-07-11 08:00:00,257.2,257.3,254.3,254.7,1275.0192
2024-07-11 08:15:00,254.6,254.6,253.4,254.1,480.1603
2024-07-11 08:30:00,254.1,256.6,253.8,256.2,270.9225
2024-07-11 08:45:00,256.1,258.1,255.5,256.9,739.1576
2024-07-11 09:00:00,257.1,257.2,253.9,253.9,371.3585
2024-07-11 09:15:00,254.1,256.0,252.3,255.0,592.3545
2024-07-11 09:30:00,254.8,255.2,253.9,254.6,195.9898
2024-07-11 09:45:00,254.3,255.3,254.1,254.8,142.7235
2024-07-11 10:00:00,254.9,255.9,253.9,254.0,188.5907
2024-07-11 10:15:00,254.0,254.0,250.3,250.5,1332.9299
2024-07-11 10:30:00,250.4,251.2,249.8,250.5,867.5587
2024-07-11 10:45:00,250.4,251.8,250.4,251.4,354.9448
2024-07-11 11:00:00,251.3,251.9,251.2,251.3,123.3193
2024-07-11 11:15:00,251.3,252.1,250.5,250.7,222.4465
2024-07-11 11:30:00,250.7,252.1,250.5,251.3,170.8587
2024-07-11 11:45:00,251.3,253.0,251.3,252.7,124.0092
2024-07-11 12:00:00,252.7,254.6,252.7,253.9,188.0048
2024-07-11 12:15:00,253.8,254.3,252.5,252.5,208.6108
2024-07-11 12:30:00,252.6,255.0,252.6,254.8,135.2413
2024-07-11 12:45:00,254.7,254.8,253.6,253.8,88.9184
2024-07-11 13:00:00,253.8,254.5,251.8,252.1,234.3571
2024-07-11 13:15:00,252.1,252.3,251.5,251.9,131.6998
2024-07-11 13:30:00,251.8,251.9,251.3,251.9,144.5705
2024-07-11 13:45:00,251.9,252.5,251.7,252.0,170.0971
2024-07-11 14:00:00,252.0,253.1,252.0,252.4,158.4687
2024-07-11 14:15:00,252.4,254.0,252.2,253.3,174.6244
2024-07-11 14:30:00,253.5,253.5,252.3,253.3,172.6469
2024-07-11 14:45:00,253.2,253.3,252.0,252.1,324.0845
2024-07-11 15:00:00,252.1,253.2,251.8,252.0,244.8617
2024-07-11 15:15:00,252.0,256.5,251.6,253.3,890.156
2024-07-11 15:30:00,253.3,254.5,252.6,253.9,297.6448
2024-07-11 15:45:00,253.8,254.8,253.8,254.6,387.5808
2024-07-11 16:00:00,254.6,254.6,252.8,253.0,148.28
2024-07-11 16:15:00,253.0,253.4,252.5,253.2,266.4794
2024-07-11 16:30:00,253.2,255.7,252.7,255.2,486.1212
2024-07-11 16:45:00,255.2,255.2,253.7,253.8,460.135
2024-07-11 17:00:00,253.7,254.1,253.1,253.6,342.5918
2024-07-11 17:15:00,253.5,254.9,253.5,254.0,139.5517
2024-07-11 17:30:00,253.9,256.4,253.6,256.1,168.2535
2024-07-11 17:45:00,256.1,256.7,254.9,256.6,337.1472
2024-07-11 18:00:00,256.7,257.1,255.5,255.6,200.6676
2024-07-11 18:15:00,255.6,255.7,254.2,254.6,95.692
2024-07-11 18:30:00,254.7,256.4,254.3,255.8,262.8262
2024-07-11 18:45:00,255.8,256.0,254.5,255.3,211.6258
2024-07-11 19:00:00,255.3,255.9,254.1,254.5,225.771
2024-07-11 19:15:00,254.6,255.3,253.6,254.5,266.5838
2024-07-11 19:30:00,254.5,259.7,253.0,253.3,1827.439
2024-07-11 19:45:00,253.3,255.5,253.2,254.3,933.7585
2024-07-11 20:00:00,254.3,255.6,252.2,253.5,483.5442
2024-07-11 20:15:00,253.7,255.6,252.8,253.8,454.1147
2024-07-11 20:30:00,253.8,254.2,251.7,252.6,333.355
2024-07-11 20:45:00,252.7,253.3,251.9,252.2,262.4026
2024-07-11 21:00:00,252.3,252.9,250.0,250.3,301.8667
2024-07-11 21:15:00,250.2,250.5,246.6,247.7,1147.884
2024-07-11 21:30:00,247.6,250.1,247.4,249.2,348.7
2024-07-11 21:45:00,249.2,249.6,248.5,248.9,255.5844
2024-07-11 22:00:00,248.9,250.3,248.7,249.9,153.0188
2024-07-11 22:15:00,249.8,251.9,249.2,250.4,214.536
2024-07-11 22:30:00,250.5,250.5,248.6,249.2,508.7037
2024-07-11 22:45:00,249.0,249.2,246.4,247.4,476.9299
2024-07-11 23:00:00,247.4,248.8,245.1,248.6,653.5168
2024-07-11 23:15:00,248.4,249.5,248.1,249.1,206.3179
2024-07-11 23:30:00,249.1,250.3,248.9,249.9,237.52
2024-07-11 23:45:00,249.9,250.0,249.1,249.6,165.7309
2024-07-12 00:00:00,249.6,251.0,249.6,250.7,179.892
2024-07-12 00:15:00,250.7,254.7,250.7,253.5,506.9024
2024-07-12 00:30:00,253.4,253.4,251.3,252.0,333.3962
2024-07-12 00:45:00,252.1,252.2,250.8,251.8,109.1139
2024-07-12 01:00:00,251.9,252.4,251.4,252.4,90.1199
2024-07-12 01:15:00,252.4,253.9,252.2,252.4,147.9979
2024-07-12 01:30:00,252.4,253.6,252.2,252.7,152.2165
2024-07-12 01:45:00,252.6,252.6,251.1,251.7,227.4377
2024-07-12 02:00:00,251.6,251.8,250.7,251.0,87.3166
2024-07-12 02:15:00,250.9,251.0,249.3,249.5,168.2531
2024-07-12 02:30:00,249.6,250.3,249.1,249.2,189.9713
2024-07-12 02:45:00,249.2,249.4,248.3,248.5,54.0447
2024-07-12 03:00:00,248.5,248.7,246.5,246.7,150.9762
2024-07-12 03:15:00,246.8,247.2,245.5,246.4,599.5826
2024-07-12 03:30:00,246.3,248.6,245.8,248.4,158.9484
2024-07-12 03:45:00,248.3,248.4,247.4,247.9,71.2449
2024-07-12 04:00:00,247.7,248.7,246.5,246.6,78.046
2024-07-12 04:15:00,246.6,246.7,244.6,245.8,205.4308
2024-07-12 04:30:00,245.6,246.2,243.6,244.9,669.5779
2024-07-12 04:45:00,245.1,246.4,244.9,246.1,247.5992
2024-07-12 05:00:00,246.0,246.3,244.7,244.9,248.5105
2024-07-12 05:15:00,245.0,246.8,244.8,246.6,157.3712
2024-07-12 05:30:00,246.7,247.0,246.1,246.2,111.4579
2024-07-12 05:45:00,246.3,246.3,244.9,245.5,126.5167
2024-07-12 06:00:00,245.6,246.3,245.0,245.0,70.5921
2024-07-12 06:15:00,244.9,245.7,244.3,245.1,92.5793
2024-07-12 06:30:00,245.2,246.0,244.6,245.8,89.9326
2024-07-12 06:45:00,245.8,246.7,245.6,245.9,72.4083
2024-07-12 07:00:00,246.2,246.7,244.8,246.1,317.599
2024-07-12 07:15:00,246.3,246.9,245.4,246.5,207.5143
2024-07-12 07:30:00,246.5,247.6,245.7,247.5,229.2069
2024-07-12 07:45:00,247.2,247.6,244.5,244.7,171.888
2024-07-12 08:00:00,244.7,246.4,244.5,244.6,111.801
2024-07-12 08:15:00,244.5,244.5,241.8,242.6,460.9882
2024-07-12 08:30:00,242.5,245.2,242.4,244.4,209.5793
2024-07-12 08:45:00,244.4,246.9,240.1,245.3,1296.2758
2024-07-12 09:00:00,245.2,245.6,244.9,245.3,56.7254
2024-07-12 09:15:00,245.4,247.1,245.1,245.7,90.2343
2024-07-12 09:30:00,245.7,247.1,245.5,246.9,65.5995
2024-07-12 09:45:00,246.7,248.5,246.7,248.2,126.4281
2024-07-12 10:00:00,248.2,248.7,245.6,245.8,69.8065
2024-07-12 10:15:00,245.9,246.2,244.8,245.3,91.1348
2024-07-12 10:30:00,245.2,245.4,243.3,243.7,114.4092
2024-07-12 10:45:00,243.6,245.1,243.4,243.9,494.4169
2024-07-12 11:00:00,244.0,244.6,242.8,243.4,220.9488
2024-07-12 11:15:00,243.5,243.9,242.0,242.1,150.6851
2024-07-12 11:30:00,242.0,243.1,241.8,242.7,271.4986
2024-07-12 11:45:00,243.1,244.1,242.7,244.1,265.5607
2024-07-12 12:00:00,244.0,244.2,242.9,243.1,122.8974
2024-07-12 12:15:00,243.2,244.8,242.7,244.3,145.0273
2024-07-12 12:30:00,244.5,244.8,243.8,243.8,81.6839
2024-07-12 12:45:00,243.8,244.1,243.2,243.4,110.7114
2024-07-12 13:00:00,243.3,244.1,243.1,243.3,75.1486
2024-07-12 13:15:00,243.2,244.9,243.2,244.6,60.1471
2024-07-12 13:30:00,244.6,244.9,244.0,244.3,60.7102
2024-07-12 13:45:00,244.2,244.4,243.7,243.9,108.9711
2024-07-12 14:00:00,244.0,244.3,243.7,243.8,59.8071
2024-07-12 14:15:00,243.7,243.8,242.6,242.6,104.4604
2024-07-12 14:30:00,242.8,243.0,241.3,241.8,294.162
2024-07-12 14:45:00,241.8,242.6,241.5,242.5,72.3052
2024-07-12 15:00:00,242.5,244.0,242.4,244.0,171.9126
2024-07-12 15:15:00,243.9,244.9,243.4,243.7,191.9586
2024-07-12 15:30:00,243.9,243.9,242.4,242.5,257.9955
2024-07-12 15:45:00,242.5,243.6,242.5,243.6,216.7542
2024-07-12 16:00:00,243.6,243.8,242.5,242.7,82.6907
2024-07-12 16:15:00,242.7,243.7,242.2,243.4,275.1374
2024-07-12 16:30:00,243.5,243.7,242.6,242.7,55.5124
2024-07-12 16:45:00,242.5,242.9,241.2,241.8,251.8465
2024-07-12 17:00:00,241.8,242.4,239.2,239.5,526.896
2024-07-12 17:15:00,239.6,240.2,238.4,240.1,291.2048
2024-07-12 17:30:00,240.1,241.9,239.7,241.8,171.0663
2024-07-12 17:45:00,242.1,243.0,241.1,242.8,289.2807
2024-07-12 18:00:00,242.8,243.4,241.9,242.1,222.8432
2024-07-12 18:15:00,242.1,242.6,239.2,240.3,496.051
2024-07-12 18:30:00,240.2,240.2,238.6,239.6,547.706
2024-07-12 18:45:00,239.7,240.2,239.0,239.6,85.135
2024-07-12 19:00:00,239.6,240.7,239.1,239.5,449.5057
2024-07-12 19:15:00,239.3,242.5,238.9,242.2,628.5677
2024-07-12 19:30:00,241.9,242.3,239.6,240.9,541.3645
2024-07-12 19:45:00,240.9,242.5,240.8,241.8,245.483
2024-07-12 20:00:00,241.9,242.6,240.9,241.7,167.8417
2024-07-12 20:15:00,241.8,245.0,241.8,242.5,374.5986
2024-07-12 20:30:00,242.4,243.0,241.2,241.6,383.3277
2024-07-12 20:45:00,241.6,243.6,241.1,243.4,440.7581
2024-07-12 21:00:00,243.6,244.2,241.3,241.7,902.4872
2024-07-12 21:15:00,241.6,242.1,240.4,241.8,611.5183
2024-07-12 21:30:00,241.8,243.0,240.4,243.0,505.9878
2024-07-12 21:45:00,243.1,243.5,241.4,242.8,222.3243
2024-07-12 22:00:00,242.8,243.8,242.5,243.3,283.1747
2024-07-12 22:15:00,243.2,244.8,242.7,244.2,144.695
2024-07-12 22:30:00,244.2,244.6,242.2,242.9,201.6283
2024-07-12 22:45:00,242.9,244.2,242.4,243.8,149.4921
2024-07-12 23:00:00,243.9,244.0,242.1,242.1,186.1025
2024-07-12 23:15:00,242.1,242.9,241.5,242.5,219.3431
2024-07-12 23:30:00,242.5,243.7,242.1,242.3,130.7491
2024-07-12 23:45:00,242.3,242.4,240.9,241.9,417.7947
2024-07-13 00:00:00,241.9,242.5,240.9,242.2,336.66
2024-07-13 00:15:00,242.1,243.4,241.9,241.9,540.864
2024-07-13 00:30:00,242.0,242.8,241.8,242.4,135.822
2024-07-13 00:45:00,242.5,242.8,242.0,242.4,275.8167
2024-07-13 01:00:00,242.3,242.3,241.5,241.8,106.7553
2024-07-13 01:15:00,241.9,242.7,241.1,241.2,119.8536
2024-07-13 01:30:00,241.2,242.0,241.1,241.9,327.6243
2024-07-13 01:45:00,241.8,242.4,241.5,241.8,533.2447
2024-07-13 02:00:00,241.7,242.3,240.9,241.9,330.0763
2024-07-13 02:15:00,241.9,241.9,240.7,241.4,115.0535
2024-07-13 02:30:00,241.3,241.7,240.7,241.5,94.444
2024-07-13 02:45:00,241.6,241.6,240.0,240.4,168.0231
2024-07-13 03:00:00,240.5,241.9,239.8,241.6,520.6473
2024-07-13 03:15:00,241.6,242.9,240.7,242.8,926.4799
2024-07-13 03:30:00,242.8,244.4,242.7,244.4,860.5245
2024-07-13 03:45:00,244.4,244.9,244.2,244.8,358.1588
2024-07-13 04:00:00,244.7,247.2,244.4,247.0,933.3459
2024-07-13 04:15:00,246.9,247.1,244.9,245.7,398.8566
2024-07-13 04:30:00,245.7,245.9,244.4,245.4,271.7395
2024-07-13 04:45:00,245.4,246.3,244.3,244.9,264.846
2024-07-13 05:00:00,244.9,245.5,240.9,240.9,1229.6899
2024-07-13 05:15:00,241.0,241.2,236.3,238.4,2659.5336
2024-07-13 05:30:00,238.3,239.2,237.7,239.0,682.1738
2024-07-13 05:45:00,239.1,240.0,238.6,239.4,403.3844
2024-07-13 06:00:00,239.4,240.1,238.6,239.5,386.1288
2024-07-13 06:15:00,239.3,240.5,239.3,240.5,291.8636
2024-07-13 06:30:00,240.4,241.3,240.1,241.0,252.5343
2024-07-13 06:45:00,241.1,242.3,241.0,241.5,342.9753
2024-07-13 07:00:00,241.5,242.0,241.2,241.2,140.5098
2024-07-13 07:15:00,241.3,242.0,241.1,242.0,169.6499
2024-07-13 07:30:00,242.1,242.6,241.4,241.7,177.3339
2024-07-13 07:45:00,241.7,242.2,241.5,241.6,84.4783
2024-07-13 08:00:00,241.6,243.0,241.0,242.5,272.0355
2024-07-13 08:15:00,242.4,244.6,242.2,243.2,456.7814
2024-07-13 08:30:00,243.1,243.7,242.1,242.7,163.1496
2024-07-13 08:45:00,242.6,243.4,242.3,242.5,423.3454
2024-07-13 09:00:00,242.4,242.5,240.4,240.9,246.2647
2024-07-13 09:15:00,240.8,242.1,240.7,242.0,162.2373
2024-07-13 09:30:00,242.1,242.5,241.4,241.5,370.5635
2024-07-13 09:45:00,241.6,242.2,241.5,242.0,137.1746
2024-07-13 10:00:00,242.1,243.8,242.0,243.6,310.0472
2024-07-13 10:15:00,243.6,244.2,243.2,244.2,226.6166
2024-07-13 10:30:00,244.2,244.2,243.4,243.6,79.9279
2024-07-13 10:45:00,243.5,244.2,243.5,243.7,85.5095
2024-07-13 11:00:00,243.7,243.8,242.4,242.6,220.1955
2024-07-13 11:15:00,242.5,242.9,241.2,242.3,791.6312
2024-07-13 11:30:00,242.3,243.2,241.0,241.3,649.3378
2024-07-13 11:45:00,241.0,241.2,240.3,240.7,97.2214
2024-07-13 12:00:00,240.7,241.4,240.2,240.2,92.3404
2024-07-13 12:15:00,240.3,241.6,240.0,241.2,155.5334
2024-07-13 12:30:00,241.1,242.7,240.9,242.4,259.7823
2024-07-13 12:45:00,242.4,243.1,241.9,242.7,289.5117
2024-07-13 13:00:00,242.9,242.9,241.9,242.6,74.3286
2024-07-13 13:15:00,242.5,244.2,242.3,244.0,185.4616
2024-07-13 13:30:00,244.1,244.2,243.4,243.8,140.4454
2024-07-13 13:45:00,243.8,243.8,242.2,243.1,337.9053
2024-07-13 14:00:00,243.1,243.3,242.5,243.2,211.1553
2024-07-13 14:15:00,243.2,245.4,242.7,244.6,656.828
2024-07-13 14:30:00,244.8,245.1,244.0,245.0,448.1794
2024-07-13 14:45:00,245.0,246.3,244.8,245.9,668.8654
2024-07-13 15:00:00,245.8,246.8,245.7,246.6,651.6178
2024-07-13 15:15:00,246.6,253.3,246.3,253.3,2412.8297
2024-07-13 15:30:00,253.3,253.5,250.0,250.9,1412.8271
2024-07-13 15:45:00,250.9,250.9,248.8,249.1,270.954
2024-07-13 16:00:00,249.2,249.8,246.9,247.0,532.1792
2024-07-13 16:15:00,247.1,248.9,245.6,248.4,292.3019
2024-07-13 16:30:00,248.3,249.0,247.2,247.9,211.0931
2024-07-13 16:45:00,247.9,249.5,246.8,248.8,748.573
2024-07-13 17:00:00,248.9,250.4,248.5,249.4,557.93
2024-07-13 17:15:00,249.5,249.5,247.3,247.5,273.0095
2024-07-13 17:30:00,247.4,247.4,245.6,245.7,205.0731
2024-07-13 17:45:00,245.7,249.1,244.9,248.2,796.4764
2024-07-13 18:00:00,248.3,250.4,246.3,248.9,1251.5406
2024-07-13 18:15:00,248.9,249.3,247.2,247.4,381.7648
2024-07-13 18:30:00,247.3,248.2,246.8,247.1,238.0995
2024-07-13 18:45:00,247.1,247.6,246.8,247.2,111.8417
2024-07-13 19:00:00,247.0,247.3,246.3,246.6,104.1257
2024-07-13 19:15:00,246.5,252.4,246.5,251.0,1884.7147
2024-07-13 19:30:00,250.9,253.2,250.8,252.3,969.8772
2024-07-13 19:45:00,252.4,253.4,251.2,252.3,1065.831
2024-07-13 20:00:00,252.4,253.0,251.0,252.3,361.3585
2024-07-13 20:15:00,252.5,253.5,251.9,253.2,487.1375
2024-07-13 20:30:00,253.1,253.2,250.5,251.3,451.8773
2024-07-13 20:45:00,251.1,251.9,251.0,251.1,90.619
2024-07-13 21:00:00,251.2,251.3,250.1,251.2,340.6626
2024-07-13 21:15:00,251.3,252.3,250.9,252.1,252.6074
2024-07-13 21:30:00,252.1,252.9,252.0,252.4,188.1638
2024-07-13 21:45:00,252.4,253.6,251.4,253.4,296.1118
2024-07-13 22:00:00,253.3,254.0,252.9,253.4,315.5647
2024-07-13 22:15:00,253.4,256.9,253.4,255.8,1441.7832
2024-07-13 22:30:00,255.7,256.4,255.0,256.2,303.2385
2024-07-13 22:45:00,256.2,258.5,255.6,257.9,527.2966
2024-07-13 23:00:00,257.7,259.4,257.7,259.1,433.2816
2024-07-13 23:15:00,259.2,263.7,259.1,261.2,1149.835
2024-07-13 23:30:00,261.1,261.3,258.9,259.9,974.5795
2024-07-13 23:45:00,259.9,260.9,258.9,260.0,405.4592
2024-07-14 00:00:00,260.0,260.1,256.4,256.9,460.887
2024-07-14 00:15:00,256.9,256.9,254.4,255.0,243.3545
2024-07-14 00:30:00,255.0,256.6,253.7,256.2,262.0556
2024-07-14 00:45:00,256.3,257.3,255.5,257.0,177.1152
2024-07-14 01:00:00,257.0,258.1,256.4,256.8,292.6753
2024-07-14 01:15:00,256.7,257.2,255.0,255.5,182.1159
2024-07-14 01:30:00,255.3,255.5,253.7,254.5,196.0724
2024-07-14 01:45:00,254.4,254.5,253.2,253.9,125.7131
2024-07-14 02:00:00,253.9,255.4,253.9,255.1,159.7977
2024-07-14 02:15:00,255.0,255.3,254.4,254.8,134.2407
2024-07-14 02:30:00,254.8,256.0,254.8,255.5,257.569
2024-07-14 02:45:00,255.5,256.7,255.3,256.1,87.6993
2024-07-14 03:00:00,256.3,257.4,255.7,256.6,117.709
2024-07-14 03:15:00,256.7,257.5,256.4,257.1,135.7484
2024-07-14 03:30:00,257.1,258.3,256.6,257.5,111.5096
2024-07-14 03:45:00,257.8,258.1,257.0,257.9,63.541
2024-07-14 04:00:00,258.0,258.2,256.7,257.0,168.6448
2024-07-14 04:15:00,257.2,257.5,256.0,256.1,99.0656
2024-07-14 04:30:00,256.2,256.3,255.3,256.1,188.578
2024-07-14 04:45:00,256.3,258.1,256.1,258.0,265.2819
2024-07-14 05:00:00,258.2,258.4,257.1,258.2,125.8578
2024-07-14 05:15:00,258.2,258.2,255.3,256.1,213.576
2024-07-14 05:30:00,256.1,260.1,255.5,258.2,422.4036
2024-07-14 05:45:00,258.3,259.9,258.3,259.3,396.9927
2024-07-14 06:00:00,259.3,260.0,256.5,259.6,853.624
2024-07-14 06:15:00,259.6,260.9,256.8,257.0,736.5981
2024-07-14 06:30:00,256.9,257.6,256.2,256.8,182.1569
2024-07-14 06:45:00,256.9,257.7,256.5,257.4,106.6682
2024-07-14 07:00:00,257.4,258.0,256.7,257.6,183.5074
2024-07-14 07:15:00,257.6,258.3,256.4,256.5,195.4854
2024-07-14 07:30:00,256.4,258.0,255.7,257.8,177.0418
2024-07-14 07:45:00,257.9,259.4,257.6,258.7,125.0345
2024-07-14 08:00:00,258.8,259.9,258.6,259.0,149.4843
2024-07-14 08:15:00,259.0,260.9,258.7,260.1,239.3757
2024-07-14 08:30:00,260.1,261.8,259.9,260.5,215.5299
2024-07-14 08:45:00,260.5,264.0,260.0,261.6,619.8228
2024-07-14 09:00:00,261.7,261.8,260.3,260.4,105.9585
2024-07-14 09:15:00,260.5,260.7,258.4,258.6,167.2216
2024-07-14 09:30:00,258.5,258.9,257.2,257.5,172.0398
2024-07-14 09:45:00,257.5,259.5,257.1,259.5,247.9819
2024-07-14 10:00:00,259.5,262.1,259.2,261.2,191.571
2024-07-14 10:15:00,261.4,262.1,261.0,261.7,112.2877
2024-07-14 10:30:00,261.8,261.8,260.6,261.1,68.597
2024-07-14 10:45:00,261.0,261.2,259.6,259.8,74.4592
2024-07-14 11:00:00,259.6,260.2,259.2,260.0,188.9535
2024-07-14 11:15:00,259.9,262.6,259.8,260.5,332.0809
2024-07-14 11:30:00,260.7,261.3,259.8,261.2,147.8455
2024-07-14 11:45:00,261.3,262.4,260.3,262.4,126.5488
2024-07-14 12:00:00,262.3,264.0,260.1,260.1,196.8282
2024-07-14 12:15:00,259.9,261.6,258.5,261.5,347.1546
2024-07-14 12:30:00,261.5,262.9,260.7,262.6,224.9323
2024-07-14 12:45:00,262.7,264.0,262.3,263.7,195.3498
2024-07-14 13:00:00,263.7,265.0,262.8,265.0,525.0895
2024-07-14 13:15:00,264.8,265.0,263.9,264.3,302.214
2024-07-14 13:30:00,264.3,265.0,261.7,261.9,312.1835
2024-07-14 13:45:00,262.0,262.8,261.4,262.1,122.8701
2024-07-14 14:00:00,262.1,262.3,260.8,261.5,382.4179
2024-07-14 14:15:00,261.6,264.2,261.5,263.7,380.2226
2024-07-14 14:30:00,263.8,265.8,263.6,265.4,439.3747
2024-07-14 14:45:00,265.5,266.2,264.1,265.4,600.9774
2024-07-14 15:00:00,265.3,267.5,265.3,267.1,627.0127
2024-07-14 15:15:00,267.0,270.2,266.6,269.7,2916.4162
2024-07-14 15:30:00,269.7,271.1,268.5,270.6,808.135
2024-07-14 15:45:00,270.5,272.4,269.5,271.2,856.6329
2024-07-14 16:00:00,271.0,272.2,270.1,270.6,699.4272
2024-07-14 16:15:00,270.6,273.3,270.5,273.0,443.8294
2024-07-14 16:30:00,273.0,275.5,272.1,273.1,1289.1732
2024-07-14 16:45:00,273.2,273.8,272.2,273.4,348.2599
2024-07-14 17:00:00,273.4,273.7,270.4,270.6,405.5715
2024-07-14 17:15:00,270.6,272.1,270.3,271.9,252.5582
2024-07-14 17:30:00,272.0,272.4,270.3,270.5,294.297
2024-07-14 17:45:00,270.5,270.7,268.9,270.1,787.383
2024-07-14 18:00:00,270.0,271.9,269.9,271.1,333.3843
2024-07-14 18:15:00,271.1,271.6,268.1,268.3,1212.6088
2024-07-14 18:30:00,268.3,268.3,265.3,266.7,1258.9326
2024-07-14 18:45:00,266.7,267.5,266.6,267.2,354.9847
2024-07-14 19:00:00,267.2,267.2,264.9,265.3,1034.7274
2024-07-14 19:15:00,265.3,265.5,263.9,264.6,499.7412
2024-07-14 19:30:00,264.6,265.5,262.3,265.3,1452.0543
2024-07-14 19:45:00,265.3,265.3,263.3,263.8,572.2527
2024-07-14 20:00:00,263.7,264.3,263.0,263.6,302.9123
2024-07-14 20:15:00,263.6,264.9,263.5,263.8,366.5715
2024-07-14 20:30:00,263.8,264.1,262.7,263.5,215.2727
2024-07-14 20:45:00,263.6,263.6,261.4,262.2,639.1779
2024-07-14 21:00:00,262.3,263.0,261.6,262.5,125.9928
2024-07-14 21:15:00,262.6,262.6,260.7,261.0,154.978
2024-07-14 21:30:00,261.0,263.1,260.9,262.6,228.8737
2024-07-14 21:45:00,262.8,265.8,262.8,263.8,573.3943
2024-07-14 22:00:00,263.7,265.0,263.0,263.6,169.8646
2024-07-14 22:15:00,263.5,263.9,262.5,263.2,116.336
2024-07-14 22:30:00,263.3,264.7,263.1,263.5,60.4688
2024-07-14 22:45:00,263.5,265.0,263.4,264.7,71.6468
2024-07-14 23:00:00,264.6,264.9,263.8,264.9,166.3293
2024-07-14 23:15:00,264.9,265.0,264.0,264.5,87.3414
2024-07-14 23:30:00,264.5,264.8,263.6,264.7,145.9489
2024-07-14 23:45:00,264.7,265.7,264.4,265.4,94.1407
2024-07-15 00:00:00,265.3,265.8,263.6,263.9,196.4014
2024-07-15 00:15:00,263.9,265.6,263.4,265.4,575.3019
2024-07-15 00:30:00,265.3,266.1,264.6,264.8,326.621
2024-07-15 00:45:00,264.7,265.2,264.2,264.3,128.319
2024-07-15 01:00:00,264.2,264.2,261.6,262.2,439.0616
2024-07-15 01:15:00,262.1,263.0,261.8,262.9,192.8631
2024-07-15 01:30:00,262.8,262.9,261.8,261.9,150.7666
2024-07-15 01:45:00,261.9,262.2,261.6,261.7,129.5069
2024-07-15 02:00:00,261.5,261.5,260.2,261.0,238.5551
2024-07-15 02:15:00,261.1,261.8,261.0,261.5,73.6642
2024-07-15 02:30:00,261.4,262.3,261.3,262.1,62.3774
2024-07-15 02:45:00,262.0,262.5,261.5,262.4,118.1049
2024-07-15 03:00:00,262.3,262.7,261.7,262.5,81.2013
2024-07-15 03:15:00,262.4,263.4,262.4,262.9,47.6136
2024-07-15 03:30:00,262.7,264.3,262.7,263.6,227.6024
2024-07-15 03:45:00,263.5,264.2,263.4,263.7,75.8043
2024-07-15 04:00:00,263.6,264.1,262.3,264.0,104.6191
2024-07-15 04:15:00,263.9,269.5,263.8,268.1,673.5997
2024-07-15 04:30:00,268.0,269.1,267.1,267.7,377.0602
2024-07-15 04:45:00,267.6,272.8,267.6,272.3,1175.0814
2024-07-15 05:00:00,272.3,272.7,270.2,272.5,810.4251
2024-07-15 05:15:00,272.6,275.1,272.5,274.5,1525.5742
2024-07-15 05:30:00,274.5,277.7,274.5,275.2,1338.8004
2024-07-15 05:45:00,275.2,278.0,275.2,276.8,325.799
2024-07-15 06:00:00,276.8,279.4,276.5,278.8,1205.915
2024-07-15 06:15:00,278.8,279.4,277.8,278.9,467.8896
2024-07-15 06:30:00,278.9,279.1,277.6,278.6,271.0309
2024-07-15 06:45:00,278.6,278.6,275.7,276.9,478.3143
2024-07-15 07:00:00,276.8,279.5,275.7,279.0,1017.2096
2024-07-15 07:15:00,279.0,281.9,278.9,280.9,792.7285
2024-07-15 07:30:00,280.8,283.0,280.3,280.3,552.1322
2024-07-15 07:45:00,280.3,281.0,277.6,277.9,1383.6894
2024-07-15 08:00:00,277.8,279.1,277.6,278.8,402.2193
2024-07-15 08:15:00,279.0,280.6,278.2,278.2,499.6524
2024-07-15 08:30:00,278.1,279.1,277.2,277.2,252.6602
2024-07-15 08:45:00,277.3,278.0,276.7,277.1,240.7298
2024-07-15 09:00:00,277.1,278.2,276.8,277.9,122.9832
2024-07-15 09:15:00,277.8,281.8,277.0,281.5,427.7472
2024-07-15 09:30:00,281.4,283.8,280.2,283.0,479.0842
2024-07-15 09:45:00,282.8,285.0,282.0,283.7,1001.83
2024-07-15 10:00:00,283.6,285.1,282.4,282.5,211.9266
2024-07-15 10:15:00,282.5,282.8,280.6,280.9,280.2746
2024-07-15 10:30:00,280.8,282.8,279.6,282.3,776.9166
2024-07-15 10:45:00,282.3,284.0,281.9,282.1,264.1324
2024-07-15 11:00:00,282.0,283.0,281.6,282.5,267.342
2024-07-15 11:15:00,282.6,285.0,282.6,283.0,326.505
2024-07-15 11:30:00,283.0,284.7,281.9,284.5,326.1024
2024-07-15 11:45:00,284.4,284.5,282.9,283.8,529.484
2024-07-15 12:00:00,283.7,284.5,281.6,283.9,543.4468
2024-07-15 12:15:00,284.0,284.3,282.1,282.4,291.0951
2024-07-15 12:30:00,282.4,283.0,281.7,282.7,375.8935
2024-07-15 12:45:00,282.4,283.0,281.6,282.9,518.9193
2024-07-15 13:00:00,282.9,282.9,281.3,281.6,1289.8115
2024-07-15 13:15:00,281.5,283.0,281.4,282.1,426.287
2024-07-15 13:30:00,282.4,283.0,282.0,282.7,249.7183
2024-07-15 13:45:00,282.7,282.8,279.7,279.8,482.7976
2024-07-15 14:00:00,279.7,280.9,277.6,278.5,1125.8727
2024-07-15 14:15:00,278.7,285.3,278.1,280.0,2428.6394
2024-07-15 14:30:00,280.1,283.9,280.1,283.4,363.2673
2024-07-15 14:45:00,283.3,283.4,281.2,281.2,469.1116
2024-07-15 15:00:00,281.6,283.8,281.5,283.1,412.5544
2024-07-15 15:15:00,283.0,283.8,282.4,283.3,195.4771
2024-07-15 15:30:00,283.4,285.3,282.3,283.9,810.4008
2024-07-15 15:45:00,283.6,284.1,280.6,281.1,699.2803
2024-07-15 16:00:00,281.1,281.3,280.0,280.6,395.346
2024-07-15 16:15:00,280.6,287.1,280.3,287.0,2467.5667
2024-07-15 16:30:00,287.0,288.0,285.4,285.8,1026.2952
2024-07-15 16:45:00,285.7,291.8,285.7,288.7,1420.0679
2024-07-15 17:00:00,288.7,288.8,286.2,287.3,569.9173
2024-07-15 17:15:00,287.2,289.1,286.7,286.8,679.6856
2024-07-15 17:30:00,286.9,288.4,286.7,287.1,213.8215
2024-07-15 17:45:00,287.3,287.9,284.8,285.4,353.6187
2024-07-15 18:00:00,285.5,288.2,284.9,287.4,363.7735
2024-07-15 18:15:00,287.4,287.9,285.7,286.0,419.9024
2024-07-15 18:30:00,285.9,287.5,285.6,287.5,317.2004
2024-07-15 18:45:00,287.4,288.0,286.9,287.1,342.1846
2024-07-15 19:00:00,287.0,289.6,287.0,289.4,524.9418
2024-07-15 19:15:00,289.4,290.9,288.9,290.2,781.0547
2024-07-15 19:30:00,290.1,292.0,290.0,291.5,668.3544
2024-07-15 19:45:00,291.4,292.0,289.7,290.2,653.2401
2024-07-15 20:00:00,290.0,292.0,289.7,291.1,655.1143
2024-07-15 20:15:00,291.1,291.2,288.9,289.1,319.7821
2024-07-15 20:30:00,289.1,292.8,287.6,292.3,888.0215
2024-07-15 20:45:00,292.4,295.0,292.1,292.5,1352.9968
2024-07-15 21:00:00,292.5,294.0,291.2,292.5,928.1722
2024-07-15 21:15:00,292.8,295.5,292.0,295.4,1861.063
2024-07-15 21:30:00,295.4,300.8,295.4,298.7,1773.8772
2024-07-15 21:45:00,298.9,299.9,298.3,299.6,875.2875
2024-07-15 22:00:00,299.7,303.1,298.3,300.8,2194.8016
2024-07-15 22:15:00,301.0,302.6,299.3,299.9,754.8756
2024-07-15 22:30:00,299.9,302.8,299.2,301.5,785.9952
2024-07-15 22:45:00,301.6,302.7,300.2,300.3,538.3861
2024-07-15 23:00:00,300.2,301.1,299.0,300.4,464.9618
2024-07-15 23:15:00,300.5,303.3,300.3,302.6,581.3053
2024-07-15 23:30:00,302.7,302.7,297.0,300.5,2831.8502
2024-07-15 23:45:00,300.6,303.2,299.8,300.9,1177.4443
2024-07-16 00:00:00,300.6,302.6,299.0,300.8,2166.2532
2024-07-16 00:15:00,300.5,301.5,299.0,299.0,793.1772
2024-07-16 00:30:00,299.3,299.8,297.1,298.0,957.9816
2024-07-16 00:45:00,298.0,299.6,297.0,297.2,327.4481
2024-07-16 01:00:00,297.2,298.5,296.4,298.5,429.9897
2024-07-16 01:15:00,298.5,300.3,297.4,299.8,435.1161
2024-07-16 01:30:00,299.7,301.4,299.0,299.4,733.5516
2024-07-16 01:45:00,299.2,299.8,298.9,299.4,257.2436
2024-07-16 02:00:00,299.5,300.1,295.8,296.0,1253.5696
2024-07-16 02:15:00,296.1,296.5,292.1,294.0,2043.8395
2024-07-16 02:30:00,294.0,296.8,293.3,295.9,476.1374
2024-07-16 02:45:00,295.8,296.4,295.1,296.0,309.7208
2024-07-16 03:00:00,296.1,297.2,294.8,296.0,494.183
2024-07-16 03:15:00,295.8,297.3,295.3,297.2,274.4328
2024-07-16 03:30:00,297.2,297.2,295.4,296.7,404.0284
2024-07-16 03:45:00,296.4,296.8,294.6,295.7,271.5653
2024-07-16 04:00:00,295.6,298.3,295.5,297.1,687.8776
2024-07-16 04:15:00,297.0,297.2,294.9,295.4,296.5413
2024-07-16 04:30:00,295.5,296.0,294.3,295.0,989.1369
2024-07-16 04:45:00,295.0,296.1,294.0,294.9,493.971
2024-07-16 05:00:00,295.1,299.5,295.0,297.8,772.2673
2024-07-16 05:15:00,297.9,299.4,296.4,298.6,404.4621
2024-07-16 05:30:00,298.6,301.0,298.0,299.8,935.5354
2024-07-16 05:45:00,299.9,301.2,298.5,298.8,300.1383
2024-07-16 06:00:00,298.8,300.1,297.7,299.7,300.5361
2024-07-16 06:15:00,299.8,300.4,299.3,299.5,158.1093
2024-07-16 06:30:00,299.7,300.9,299.3,300.1,116.3156
2024-07-16 06:45:00,300.0,300.8,298.9,299.1,143.4618
2024-07-16 07:00:00,299.1,300.8,298.6,299.4,360.2488
2024-07-16 07:15:00,299.2,299.4,294.8,296.2,1602.8122
2024-07-16 07:30:00,296.2,298.2,295.5,297.5,322.2599
2024-07-16 07:45:00,297.3,298.0,296.5,297.4,184.9909
2024-07-16 08:00:00,297.3,299.2,296.5,298.9,293.6623
2024-07-16 08:15:00,298.8,300.0,298.2,298.5,186.1776
2024-07-16 08:30:00,298.2,300.3,297.7,297.8,649.6537
2024-07-16 08:45:00,298.0,298.5,297.1,298.2,290.3389
2024-07-16 09:00:00,298.3,298.9,296.5,296.5,458.8654
2024-07-16 09:15:00,296.6,303.0,295.0,297.8,1066.4031
2024-07-16 09:30:00,297.9,299.1,297.7,299.0,111.4921
2024-07-16 09:45:00,298.7,298.8,297.5,298.5,75.6083
2024-07-16 10:00:00,298.5,300.5,297.9,300.0,592.3236
2024-07-16 10:15:00,300.1,300.9,299.6,299.8,330.7399
2024-07-16 10:30:00,299.7,299.8,297.1,297.5,340.6173
2024-07-16 10:45:00,297.6,298.1,296.7,297.1,217.8007
2024-07-16 11:00:00,297.2,298.5,296.6,298.4,410.7924
2024-07-16 11:15:00,298.3,298.4,296.0,296.1,665.3862
2024-07-16 11:30:00,296.1,296.1,294.5,294.8,1039.1775
2024-07-16 11:45:00,294.8,296.7,294.8,295.9,546.1223
2024-07-16 12:00:00,295.9,297.3,295.2,295.7,481.8345
2024-07-16 12:15:00,295.7,296.7,293.2,293.6,1304.5572
2024-07-16 12:30:00,293.5,296.0,289.0,290.8,2382.194
2024-07-16 12:45:00,290.8,291.3,288.5,290.1,757.7042
2024-07-16 13:00:00,290.1,292.5,290.0,290.5,487.8874
2024-07-16 13:15:00,290.6,293.2,290.6,292.6,290.5313
2024-07-16 13:30:00,292.7,293.8,291.7,291.8,191.5478
2024-07-16 13:45:00,291.7,291.7,284.0,285.1,2637.2974
2024-07-16 14:00:00,285.3,289.2,284.3,288.3,672.3293
2024-07-16 14:15:00,288.3,289.4,286.2,287.1,766.2796
2024-07-16 14:30:00,287.1,287.7,284.2,285.1,687.8335
2024-07-16 14:45:00,285.1,285.4,283.4,284.1,845.0853
2024-07-16 15:00:00,284.1,287.2,284.0,284.9,857.1084
2024-07-16 15:15:00,285.0,285.3,281.5,281.5,692.4419
2024-07-16 15:30:00,281.7,284.2,281.0,283.4,1277.7687
2024-07-16 15:45:00,283.4,285.0,281.9,284.9,882.1135
2024-07-16 16:00:00,285.1,287.0,284.6,287.0,515.6097
2024-07-16 16:15:00,286.9,289.7,286.3,288.6,602.1885
2024-07-16 16:30:00,288.7,290.0,288.1,289.5,299.6243
2024-07-16 16:45:00,289.5,299.9,289.1,291.0,1816.5649
2024-07-16 17:00:00,290.9,292.5,290.6,291.9,313.5502
2024-07-16 17:15:00,291.8,292.5,291.0,292.4,236.1222
2024-07-16 17:30:00,292.4,297.4,291.7,293.4,1294.8443
2024-07-16 17:45:00,293.5,299.5,292.6,294.8,2212.3585
2024-07-16 18:00:00,294.9,296.3,293.5,294.4,753.6067
2024-07-16 18:15:00,294.4,296.1,294.2,295.5,209.3909
2024-07-16 18:30:00,295.2,295.5,292.5,293.2,129.526
2024-07-16 18:45:00,293.2,294.3,292.5,293.9,512.4878
2024-07-16 19:00:00,294.0,294.5,293.5,293.9,626.3848
2024-07-16 19:15:00,294.0,296.3,293.9,295.9,740.8196
2024-07-16 19:30:00,295.9,296.4,293.0,293.8,479.8048
2024-07-16 19:45:00,293.7,294.9,291.3,292.5,200.1404
2024-07-16 20:00:00,292.5,294.5,291.9,294.0,424.7122
2024-07-16 20:15:00,294.2,296.3,290.4,290.8,1894.1131
2024-07-16 20:30:00,290.8,292.0,289.2,291.1,598.7928
2024-07-16 20:45:00,291.2,294.2,289.0,289.1,1044.5292
2024-07-16 21:00:00,289.1,290.4,287.7,290.1,671.2467
2024-07-16 21:15:00,290.2,291.0,289.3,289.9,356.0939
2024-07-16 21:30:00,289.7,291.4,289.5,290.9,119.8429
2024-07-16 21:45:00,291.1,292.8,290.4,292.4,179.6594
2024-07-16 22:00:00,292.3,293.5,291.0,293.3,237.1668
2024-07-16 22:15:00,293.3,294.9,292.1,293.8,452.1616
2024-07-16 22:30:00,293.7,297.3,293.4,294.7,695.2555
2024-07-16 22:45:00,294.6,300.0,294.6,298.9,1515.2418
2024-07-16 23:00:00,299.0,300.3,296.6,297.5,1746.2967
2024-07-16 23:15:00,297.5,298.3,294.8,296.4,600.6805
2024-07-16 23:30:00,296.5,299.3,294.9,297.0,573.9698
2024-07-16 23:45:00,297.1,298.5,296.3,298.0,387.4011
2024-07-17 00:00:00,298.2,298.4,295.2,296.4,555.0025
2024-07-17 00:15:00,296.3,297.2,295.7,296.9,230.1999
2024-07-17 00:30:00,296.8,298.4,296.2,297.4,364.1994
2024-07-17 00:45:00,297.4,299.4,296.5,298.9,693.8484
2024-07-17 01:00:00,298.8,300.5,298.1,300.0,266.9658
2024-07-17 01:15:00,300.0,302.3,299.5,301.8,322.997
2024-07-17 01:30:00,301.9,302.9,299.6,299.8,509.1817
2024-07-17 01:45:00,299.9,299.9,296.0,298.5,512.2978
2024-07-17 02:00:00,298.4,298.5,297.2,297.8,283.0224
2024-07-17 02:15:00,298.0,302.8,297.7,302.6,892.5967
2024-07-17 02:30:00,302.6,307.0,302.5,302.5,1191.3801
2024-07-17 02:45:00,302.4,305.3,301.2,304.7,635.6141
2024-07-17 03:00:00,304.7,307.9,302.3,306.7,590.6803
2024-07-17 03:15:00,306.7,307.7,304.7,305.0,286.1944
2024-07-17 03:30:00,304.9,306.6,303.6,303.7,243.1414
2024-07-17 03:45:00,303.6,303.9,301.0,301.3,325.4652
2024-07-17 04:00:00,301.3,303.0,299.2,299.6,1009.0937
2024-07-17 04:15:00,299.5,305.2,299.0,302.6,702.412
2024-07-17 04:30:00,302.4,304.4,302.0,303.5,227.7589
2024-07-17 04:45:00,303.4,304.1,301.8,301.9,163.7843
2024-07-17 05:00:00,301.8,302.5,296.9,298.3,533.3924
2024-07-17 05:15:00,298.2,299.8,297.5,297.9,307.5679
2024-07-17 05:30:00,297.8,300.5,297.4,300.0,558.1286
2024-07-17 05:45:00,300.1,304.1,300.1,302.9,922.1109
2024-07-17 06:00:00,302.9,304.5,302.1,303.3,208.8135
2024-07-17 06:15:00,303.4,307.0,303.4,306.3,646.7457
2024-07-17 06:30:00,306.2,307.0,304.0,305.1,872.6903
2024-07-17 06:45:00,305.2,305.3,303.6,304.2,206.8469
2024-07-17 07:00:00,304.2,304.2,302.4,303.1,151.7489
2024-07-17 07:15:00,303.1,305.0,302.6,303.1,179.1788
2024-07-17 07:30:00,303.1,306.5,302.8,306.4,264.5421
2024-07-17 07:45:00,306.6,308.3,305.1,308.3,1063.5785
2024-07-17 08:00:00,308.3,317.7,307.7,314.3,2156.1918
2024-07-17 08:15:00,314.3,316.7,313.5,315.1,512.9002
2024-07-17 08:30:00,315.1,317.0,314.8,316.2,249.7186
2024-07-17 08:45:00,316.2,316.4,313.1,313.9,465.4885
2024-07-17 09:00:00,314.0,314.5,311.8,312.5,1042.1774
2024-07-17 09:15:00,312.7,312.7,309.0,310.9,631.4927
2024-07-17 09:30:00,310.8,313.4,310.3,312.7,433.9501
2024-07-17 09:45:00,312.8,312.8,309.9,311.5,386.1932
2024-07-17 10:00:00,311.4,312.2,308.7,309.0,238.0573
2024-07-17 10:15:00,308.9,310.5,308.9,310.0,241.0744
2024-07-17 10:30:00,310.0,312.7,310.0,312.4,230.795
2024-07-17 10:45:00,312.3,312.6,310.9,311.1,183.8051
2024-07-17 11:00:00,311.1,311.7,310.8,311.0,189.1352
2024-07-17 11:15:00,311.0,311.2,309.0,309.0,200.2689
2024-07-17 11:30:00,309.1,310.5,307.0,309.9,975.495
2024-07-17 11:45:00,309.9,315.4,309.9,314.6,684.0989
2024-07-17 12:00:00,314.7,315.6,313.8,314.9,300.6357
2024-07-17 12:15:00,314.9,317.0,314.5,316.4,310.3555
2024-07-17 12:30:00,316.4,316.5,314.6,315.0,286.1374
2024-07-17 12:45:00,315.0,317.0,313.9,316.3,409.515
2024-07-17 13:00:00,316.4,320.0,316.1,318.7,700.0762
2024-07-17 13:15:00,318.7,324.2,317.1,318.1,1454.9354
2024-07-17 13:30:00,318.1,319.4,317.1,317.3,461.6096
2024-07-17 13:45:00,317.4,325.5,316.5,322.1,2063.8228
2024-07-17 14:00:00,322.1,323.2,320.4,322.7,791.8417
2024-07-17 14:15:00,322.8,324.2,320.9,322.7,678.0838
2024-07-17 14:30:00,322.7,325.9,321.5,324.3,838.207
2024-07-17 14:45:00,324.4,327.0,322.9,323.3,1368.4352
2024-07-17 15:00:00,323.3,324.8,319.3,319.8,1698.3895
2024-07-17 15:15:00,320.0,322.6,317.0,322.5,847.4397
2024-07-17 15:30:00,322.5,323.8,318.7,319.4,395.2132
2024-07-17 15:45:00,319.3,320.5,315.7,315.8,977.0757
2024-07-17 16:00:00,315.8,320.0,314.4,318.5,2452.3394
2024-07-17 16:15:00,318.5,327.0,316.4,321.2,2734.3938
2024-07-17 16:30:00,321.2,322.4,319.5,320.2,485.8776
2024-07-17 16:45:00,320.4,324.2,319.6,324.1,373.9231
2024-07-17 17:00:00,324.2,325.3,321.3,321.5,681.0245
2024-07-17 17:15:00,321.5,321.5,317.1,320.5,467.0241
2024-07-17 17:30:00,320.2,321.1,319.1,320.1,240.4606
2024-07-17 17:45:00,320.0,320.9,316.7,317.5,337.8584
2024-07-17 18:00:00,317.6,317.6,314.6,315.1,511.5405
2024-07-17 18:15:00,315.1,315.6,312.6,313.5,439.7578
2024-07-17 18:30:00,313.7,313.8,310.0,311.1,1590.2444
2024-07-17 18:45:00,311.0,312.0,307.1,307.8,2279.9599
2024-07-17 19:00:00,307.7,311.4,307.6,309.7,909.9967
2024-07-17 19:15:00,309.7,312.7,309.7,311.1,494.4602
2024-07-17 19:30:00,311.0,313.0,309.2,310.1,1085.2315
2024-07-17 19:45:00,309.9,310.0,308.3,308.3,554.5397
2024-07-17 20:00:00,308.5,311.5,308.1,311.3,722.2327
2024-07-17 20:15:00,311.2,311.3,307.4,309.1,625.1622
2024-07-17 20:30:00,309.2,326.9,309.2,318.9,5339.9652
2024-07-17 20:45:00,318.9,323.9,315.3,322.7,1732.6737
2024-07-17 21:00:00,322.6,325.0,317.1,320.5,2585.8133
2024-07-17 21:15:00,320.6,325.0,320.3,322.6,1721.9076
2024-07-17 21:30:00,322.7,326.5,322.0,324.0,2085.6404
2024-07-17 21:45:00,324.0,325.3,321.6,324.5,490.5069
2024-07-17 22:00:00,324.5,325.8,319.8,321.6,1109.4623
2024-07-17 22:15:00,321.5,324.4,321.4,324.2,390.9118
2024-07-17 22:30:00,324.2,324.6,322.5,323.8,603.0511
2024-07-17 22:45:00,323.8,324.3,316.5,317.4,1441.9298
2024-07-17 23:00:00,317.3,319.3,311.7,312.2,1659.6432
2024-07-17 23:15:00,312.1,312.9,308.2,309.7,2331.377
2024-07-17 23:30:00,309.6,312.6,308.5,309.3,2218.3398
2024-07-17 23:45:00,309.3,312.1,306.7,311.3,2353.3213
2024-07-18 00:00:00,311.2,313.2,309.2,310.9,1427.263
2024-07-18 00:15:00,311.1,313.4,310.4,313.3,273.8095
2024-07-18 00:30:00,313.3,315.0,313.2,314.7,207.7182
2024-07-18 00:45:00,314.4,317.0,313.8,315.4,466.0684
2024-07-18 01:00:00,315.5,317.7,314.6,317.7,348.9193
2024-07-18 01:15:00,317.5,321.1,317.4,320.8,625.8389
2024-07-18 01:30:00,320.8,320.9,319.7,320.4,333.5951
2024-07-18 01:45:00,320.4,320.5,318.1,319.4,507.2905
2024-07-18 02:00:00,319.7,322.6,318.8,322.5,524.7264
2024-07-18 02:15:00,322.5,323.6,320.4,320.9,579.1305
2024-07-18 02:30:00,321.1,322.6,320.7,322.5,229.1761
2024-07-18 02:45:00,322.5,322.6,319.8,320.2,466.7688
2024-07-18 03:00:00,320.2,320.5,318.5,319.6,339.2182
2024-07-18 03:15:00,319.6,322.0,319.0,321.6,241.9244
2024-07-18 03:30:00,321.7,322.0,320.2,321.8,282.0912
2024-07-18 03:45:00,321.9,322.4,320.7,320.9,114.9442
2024-07-18 04:00:00,320.8,320.9,317.4,319.4,772.1789
2024-07-18 04:15:00,319.3,320.4,318.6,320.1,161.659
2024-07-18 04:30:00,320.2,323.7,320.1,322.3,1547.4689
2024-07-18 04:45:00,322.3,322.3,319.8,320.0,218.1524
2024-07-18 05:00:00,320.1,321.9,319.0,320.0,282.8479
2024-07-18 05:15:00,320.0,322.8,319.1,322.6,280.2326
2024-07-18 05:30:00,322.5,322.6,320.0,321.7,290.2318
2024-07-18 05:45:00,321.9,322.2,321.0,322.0,294.0145
2024-07-18 06:00:00,321.8,322.7,319.9,320.7,332.5498
2024-07-18 06:15:00,320.7,321.3,319.7,320.7,239.1476
2024-07-18 06:30:00,320.8,321.7,320.1,321.0,213.2351
2024-07-18 06:45:00,320.9,321.4,318.9,319.2,221.1227
2024-07-18 07:00:00,319.4,322.0,318.9,319.0,790.8766
2024-07-18 07:15:00,318.9,322.0,318.9,321.6,948.219
2024-07-18 07:30:00,321.5,322.5,320.7,321.1,281.3581
2024-07-18 07:45:00,321.0,322.6,320.0,320.2,234.87
2024-07-18 08:00:00,320.4,321.7,318.6,319.3,697.1012
2024-07-18 08:15:00,319.4,321.9,314.0,320.2,1590.9238
2024-07-18 08:30:00,320.2,320.9,319.8,320.4,153.1907
2024-07-18 08:45:00,320.5,321.1,319.6,321.0,115.788
2024-07-18 09:00:00,321.0,324.8,320.7,320.7,641.0496
2024-07-18 09:15:00,320.6,321.1,317.3,320.1,387.8987
2024-07-18 09:30:00,319.9,322.1,319.2,321.6,231.3766
2024-07-18 09:45:00,321.6,321.6,319.7,320.1,266.8415
2024-07-18 10:00:00,320.1,320.2,318.7,318.9,135.7092
2024-07-18 10:15:00,318.9,319.6,317.4,317.9,248.9639
2024-07-18 10:30:00,317.9,318.9,317.5,318.1,212.8903
2024-07-18 10:45:00,318.0,318.5,317.1,318.2,168.2345
2024-07-18 11:00:00,318.1,320.0,317.9,318.2,290.1856
2024-07-18 11:15:00,318.1,319.5,317.7,318.3,233.5769
2024-07-18 11:30:00,318.3,318.3,315.9,317.5,386.9188
2024-07-18 11:45:00,317.7,317.9,315.6,316.1,279.5058
2024-07-18 12:00:00,316.2,316.3,312.9,312.9,802.7246
2024-07-18 12:15:00,313.0,315.4,312.7,315.4,708.8285
2024-07-18 12:30:00,315.3,319.0,315.3,317.7,357.4804
2024-07-18 12:45:00,317.7,318.4,317.5,317.8,56.586
2024-07-18 13:00:00,318.0,318.0,314.6,315.7,738.1764
2024-07-18 13:15:00,316.0,317.5,315.4,317.2,372.8665
2024-07-18 13:30:00,317.1,318.4,316.3,316.5,462.4921
2024-07-18 13:45:00,316.5,319.4,316.0,318.5,573.3676
2024-07-18 14:00:00,318.5,319.0,317.2,317.6,212.0983
2024-07-18 14:15:00,317.6,318.0,315.5,315.6,279.288
2024-07-18 14:30:00,315.7,316.7,314.9,315.4,215.4273
2024-07-18 14:45:00,315.3,316.6,315.2,316.4,331.962
2024-07-18 15:00:00,316.4,317.4,316.3,316.9,179.8567
2024-07-18 15:15:00,317.1,319.5,314.9,319.1,569.077
2024-07-18 15:30:00,319.1,319.1,316.4,317.4,286.3668
2024-07-18 15:45:00,317.4,319.8,316.3,318.3,652.2138
2024-07-18 16:00:00,318.4,321.0,318.1,319.8,342.7149
2024-07-18 16:15:00,319.6,322.4,319.0,322.1,423.3768
2024-07-18 16:30:00,322.1,322.4,320.6,321.7,297.5241
2024-07-18 16:45:00,321.8,322.1,319.6,320.5,607.7391
2024-07-18 17:00:00,320.5,321.7,320.2,321.2,294.8008
2024-07-18 17:15:00,321.2,321.4,320.5,320.7,685.2807
2024-07-18 17:30:00,320.6,320.8,320.0,320.3,236.4197
2024-07-18 17:45:00,320.2,322.0,320.2,321.7,358.9787
2024-07-18 18:00:00,321.8,322.7,320.0,320.6,324.1745
2024-07-18 18:15:00,320.7,323.3,320.4,322.4,155.0115
2024-07-18 18:30:00,322.4,323.8,322.1,322.1,236.0922
2024-07-18 18:45:00,322.1,325.1,321.6,325.0,454.5943
2024-07-18 19:00:00,325.0,327.0,324.8,325.8,859.777
2024-07-18 19:15:00,325.9,325.9,320.0,323.1,1330.466
2024-07-18 19:30:00,323.2,323.4,321.2,321.8,302.683
2024-07-18 19:45:00,321.8,326.5,321.7,324.9,1223.9706
2024-07-18 20:00:00,325.0,332.0,325.0,331.7,2116.4268
2024-07-18 20:15:00,331.9,336.1,329.6,332.6,1815.3164
2024-07-18 20:30:00,332.6,333.4,329.0,330.0,1963.7176
2024-07-18 20:45:00,330.0,333.6,327.7,333.6,1943.1479
2024-07-18 21:00:00,333.6,338.0,332.5,335.8,1730.3693
2024-07-18 21:15:00,335.9,337.8,329.2,330.1,2116.3308
2024-07-18 21:30:00,330.2,330.9,326.5,327.3,1171.9718
2024-07-18 21:45:00,327.4,329.2,323.5,327.9,1852.6256
2024-07-18 22:00:00,327.8,328.8,325.0,325.9,687.9457
2024-07-18 22:15:00,325.8,328.3,324.0,325.0,1752.3685
2024-07-18 22:30:00,325.0,327.7,324.0,326.9,940.1199
2024-07-18 22:45:00,327.0,327.4,323.4,324.3,901.3355
2024-07-18 23:00:00,324.3,325.2,320.3,322.8,1674.4379
2024-07-18 23:15:00,322.9,322.9,321.0,322.3,657.0904
2024-07-18 23:30:00,322.4,324.1,322.0,323.6,593.7906
2024-07-18 23:45:00,323.5,324.1,322.5,324.0,512.0276
2024-07-19 00:00:00,324.0,327.4,323.9,326.9,928.3055
2024-07-19 00:15:00,326.8,329.5,326.0,327.9,413.8363
2024-07-19 00:30:00,327.7,328.9,326.0,326.2,256.5112
2024-07-19 00:45:00,326.5,326.7,323.0,323.4,285.0786
2024-07-19 01:00:00,323.6,324.2,322.6,323.5,169.7916
2024-07-19 01:15:00,323.5,327.1,323.3,327.1,115.1635
2024-07-19 01:30:00,327.0,327.2,325.7,325.9,196.3202
2024-07-19 01:45:00,326.2,327.3,324.5,327.0,237.1138
2024-07-19 02:00:00,327.1,328.7,323.5,324.2,377.739
2024-07-19 02:15:00,324.2,326.6,322.8,325.9,859.2301
2024-07-19 02:30:00,325.9,329.3,324.7,328.6,266.6061
2024-07-19 02:45:00,328.3,328.5,326.8,327.1,177.9508
2024-07-19 03:00:00,327.0,328.6,326.1,326.3,170.65
2024-07-19 03:15:00,326.5,327.6,324.2,326.4,278.6223
2024-07-19 03:30:00,326.5,328.3,326.5,327.2,230.6781
2024-07-19 03:45:00,327.1,331.0,326.5,330.8,339.1181
2024-07-19 04:00:00,330.7,331.5,329.1,331.0,275.2229
2024-07-19 04:15:00,330.5,334.2,329.8,333.3,979.973
2024-07-19 04:30:00,333.2,334.4,331.5,332.1,686.3077
2024-07-19 04:45:00,332.2,334.6,332.2,334.1,375.0557
2024-07-19 05:00:00,334.1,334.2,332.0,332.0,365.9507
2024-07-19 05:15:00,331.9,335.3,331.1,333.8,451.5635
2024-07-19 05:30:00,333.8,336.0,333.4,335.9,248.8789
2024-07-19 05:45:00,335.9,335.9,334.6,335.9,263.1778
2024-07-19 06:00:00,335.9,336.5,335.5,336.1,394.6328
2024-07-19 06:15:00,336.1,337.0,335.8,336.8,399.7496
2024-07-19 06:30:00,336.6,336.6,334.6,335.4,182.5433
2024-07-19 06:45:00,335.4,336.7,334.8,336.2,150.9899
2024-07-19 07:00:00,336.4,336.9,333.4,333.6,385.0863
2024-07-19 07:15:00,333.7,334.0,331.4,331.9,687.9214
2024-07-19 07:30:00,332.0,333.3,331.8,331.9,156.9569
2024-07-19 07:45:00,332.0,332.7,330.7,332.1,191.0927
2024-07-19 08:00:00,332.2,332.8,329.4,331.3,487.8033
2024-07-19 08:15:00,331.4,333.9,328.8,333.1,342.1824
2024-07-19 08:30:00,333.1,334.9,330.4,334.1,252.4469
2024-07-19 08:45:00,334.4,334.7,331.9,332.6,196.137
2024-07-19 09:00:00,332.9,335.0,332.6,333.0,254.2876
2024-07-19 09:15:00,333.3,334.9,332.9,334.6,241.4843
2024-07-19 09:30:00,334.7,336.1,334.1,336.0,345.1237
2024-07-19 09:45:00,335.9,336.6,334.8,335.4,637.5528
2024-07-19 10:00:00,335.3,338.0,335.2,337.5,512.8852
2024-07-19 10:15:00,337.7,343.0,335.9,341.7,1321.5492
2024-07-19 10:30:00,341.4,344.9,340.3,343.3,1448.4863
2024-07-19 10:45:00,343.4,348.5,343.3,345.1,1673.9247
2024-07-19 11:00:00,345.1,346.0,342.4,343.6,642.0813
2024-07-19 11:15:00,343.6,343.7,340.8,341.0,339.8349
2024-07-19 11:30:00,341.1,342.3,338.9,341.7,506.819
2024-07-19 11:45:00,341.6,342.7,339.4,339.4,152.2041
2024-07-19 12:00:00,339.2,339.4,333.2,335.1,1528.4503
2024-07-19 12:15:00,335.0,337.2,334.3,334.4,777.8366
2024-07-19 12:30:00,334.4,335.8,334.1,335.0,280.5969
2024-07-19 12:45:00,334.7,338.3,334.6,337.0,340.9381
2024-07-19 13:00:00,337.0,339.6,337.0,339.6,348.8278
2024-07-19 13:15:00,339.5,341.0,336.0,338.1,652.4884
2024-07-19 13:30:00,337.9,338.0,334.1,335.0,303.0463
2024-07-19 13:45:00,335.0,335.8,334.2,335.0,467.3401
2024-07-19 14:00:00,335.0,335.0,327.9,329.1,1392.5993
2024-07-19 14:15:00,329.3,330.7,328.8,329.8,579.1912
2024-07-19 14:30:00,329.7,329.8,327.2,329.0,399.3094
2024-07-19 14:45:00,329.2,329.9,327.2,327.4,468.9377
2024-07-19 15:00:00,327.4,327.8,322.2,323.0,1021.1313
2024-07-19 15:15:00,323.1,327.3,323.0,325.8,882.6261
2024-07-19 15:30:00,325.7,328.0,325.4,328.0,387.427
2024-07-19 15:45:00,327.7,328.1,325.2,325.9,333.4119
2024-07-19 16:00:00,325.8,330.0,325.4,329.0,563.4584
2024-07-19 16:15:00,329.0,329.2,326.5,327.0,222.1533
2024-07-19 16:30:00,327.0,328.8,326.9,327.0,276.5694
2024-07-19 16:45:00,327.0,328.2,326.2,326.3,357.4065
2024-07-19 17:00:00,326.4,329.0,326.4,328.8,224.5017
2024-07-19 17:15:00,328.8,330.1,328.2,329.0,290.0803
2024-07-19 17:30:00,329.0,329.0,325.8,326.4,417.272
2024-07-19 17:45:00,326.5,331.1,326.3,330.0,296.3063
2024-07-19 18:00:00,330.2,330.2,328.3,328.9,112.2573
2024-07-19 18:15:00,328.9,330.0,328.2,328.6,167.2401
2024-07-19 18:30:00,328.6,328.9,326.3,327.0,121.0404
2024-07-19 18:45:00,327.1,330.0,326.6,329.9,163.0852
2024-07-19 19:00:00,330.0,331.4,326.9,327.3,298.9027
2024-07-19 19:15:00,327.1,329.9,326.8,329.7,170.1526
2024-07-19 19:30:00,329.8,330.0,328.1,329.6,89.1922
2024-07-19 19:45:00,329.6,331.0,328.9,329.1,349.0888
2024-07-19 20:00:00,329.0,329.4,327.6,328.6,151.0631
2024-07-19 20:15:00,328.8,329.1,327.0,327.3,88.3342
2024-07-19 20:30:00,327.2,333.2,327.0,329.6,637.6266
2024-07-19 20:45:00,329.5,332.0,329.5,331.9,401.6075
2024-07-19 21:00:00,331.9,336.8,331.9,336.5,686.9954
2024-07-19 21:15:00,336.5,339.5,335.1,336.0,975.6832
2024-07-19 21:30:00,336.4,339.2,334.4,338.9,490.4474
2024-07-19 21:45:00,339.0,340.7,336.7,340.6,669.0806
2024-07-19 22:00:00,340.5,343.4,338.0,338.9,797.3199
2024-07-19 22:15:00,338.9,348.2,338.9,347.6,3398.1729
2024-07-19 22:30:00,347.6,350.0,343.0,348.5,4462.1639
2024-07-19 22:45:00,348.5,350.3,344.9,347.0,1133.9548
2024-07-19 23:00:00,346.8,351.3,346.8,348.9,1506.7825
2024-07-19 23:15:00,349.0,351.3,346.2,350.0,1213.8625
2024-07-19 23:30:00,349.9,351.2,349.6,349.9,387.1498
2024-07-19 23:45:00,350.0,351.0,347.9,350.8,422.2724
2024-07-20 00:00:00,350.9,357.0,350.0,354.2,1681.1612
2024-07-20 00:15:00,354.2,359.0,354.1,357.1,3424.6957
2024-07-20 00:30:00,357.3,358.6,355.0,355.3,682.7661
2024-07-20 00:45:00,355.3,358.5,354.6,358.1,803.6048
2024-07-20 01:00:00,358.4,360.6,355.8,359.8,1269.8187
2024-07-20 01:15:00,359.8,360.3,352.2,352.3,762.1962
2024-07-20 01:30:00,352.3,352.6,349.4,351.6,1447.718
2024-07-20 01:45:00,351.8,359.4,351.2,354.9,1074.6793
2024-07-20 02:00:00,355.0,357.8,354.6,355.7,539.2353
2024-07-20 02:15:00,355.6,356.9,355.3,355.8,229.7726
2024-07-20 02:30:00,355.8,356.8,352.4,353.5,585.8235
2024-07-20 02:45:00,353.7,354.3,352.5,352.6,172.2539
2024-07-20 03:00:00,352.8,353.0,348.8,350.0,649.3496
2024-07-20 03:15:00,349.7,349.9,348.1,348.8,378.3515
2024-07-20 03:30:00,348.9,351.7,348.0,351.3,368.7651
2024-07-20 03:45:00,351.3,351.3,348.9,348.9,189.6874
2024-07-20 04:00:00,349.0,352.7,348.4,352.6,384.2202
2024-07-20 04:15:00,352.5,357.0,351.1,354.0,934.0955
2024-07-20 04:30:00,354.0,355.6,353.1,353.3,150.8055
2024-07-20 04:45:00,353.3,353.3,351.9,353.0,112.9272
2024-07-20 05:00:00,353.1,354.8,352.4,353.8,212.6988
2024-07-20 05:15:00,353.7,354.3,351.2,352.1,284.9708
2024-07-20 05:30:00,352.1,352.7,350.6,352.6,165.8485
2024-07-20 05:45:00,352.6,354.2,351.6,354.0,135.0678
2024-07-20 06:00:00,353.9,355.5,353.7,355.1,90.9142
2024-07-20 06:15:00,355.2,356.1,354.5,356.1,121.2352
2024-07-20 06:30:00,356.0,356.1,353.8,354.2,311.942
2024-07-20 06:45:00,354.3,355.7,353.7,355.4,63.3884
2024-07-20 07:00:00,355.4,358.5,355.4,357.3,309.1219
2024-07-20 07:15:00,357.3,357.7,354.3,354.9,508.5387
2024-07-20 07:30:00,354.8,355.1,350.2,352.9,478.7258
2024-07-20 07:45:00,352.8,356.6,352.7,353.7,315.9921
2024-07-20 08:00:00,353.7,356.0,353.4,355.0,389.1393
2024-07-20 08:15:00,355.1,356.0,352.6,354.7,127.425
2024-07-20 08:30:00,354.8,355.7,352.3,352.8,92.0518
2024-07-20 08:45:00,352.9,353.0,350.9,352.0,100.6576
2024-07-20 09:00:00,352.0,355.7,351.7,355.6,365.6748
2024-07-20 09:15:00,355.6,356.5,354.4,356.3,172.9575
2024-07-20 09:30:00,356.4,357.4,355.4,356.8,222.5732
2024-07-20 09:45:00,356.7,358.0,356.4,356.4,165.3512
2024-07-20 10:00:00,356.4,358.7,356.3,357.4,96.2794
2024-07-20 10:15:00,357.2,357.9,354.7,354.8,111.6064
2024-07-20 10:30:00,354.7,356.6,354.1,354.8,143.0735
2024-07-20 10:45:00,355.0,356.2,354.3,354.3,251.2364
2024-07-20 11:00:00,354.3,355.2,352.4,353.6,503.5712
2024-07-20 11:15:00,353.6,354.7,353.3,353.4,184.1749
2024-07-20 11:30:00,353.7,356.1,353.0,355.1,327.4092
2024-07-20 11:45:00,355.3,356.4,354.0,356.4,146.095
2024-07-20 12:00:00,356.4,356.5,353.9,354.3,178.2362
2024-07-20 12:15:00,354.3,354.9,353.1,353.6,74.0162
2024-07-20 12:30:00,353.8,353.9,351.1,351.3,322.0814
2024-07-20 12:45:00,351.4,352.5,351.1,352.0,215.1543
2024-07-20 13:00:00,351.9,352.0,350.8,351.2,156.1312
2024-07-20 13:15:00,351.3,351.4,350.0,350.3,173.5255
2024-07-20 13:30:00,350.3,351.8,349.6,351.2,552.7877
2024-07-20 13:45:00,351.2,352.5,350.3,350.8,207.7802
2024-07-20 14:00:00,350.8,352.6,350.0,350.7,264.9938
2024-07-20 14:15:00,350.7,353.5,350.5,353.0,265.8919
2024-07-20 14:30:00,352.9,353.3,351.3,352.6,170.7657
2024-07-20 14:45:00,352.7,353.0,351.0,351.0,155.2588
2024-07-20 15:00:00,351.0,351.3,349.9,349.9,145.6183
2024-07-20 15:15:00,350.0,350.0,347.9,349.5,583.8688
2024-07-20 15:30:00,349.5,349.5,346.6,346.7,244.999
2024-07-20 15:45:00,346.6,347.4,345.8,347.0,336.4308
2024-07-20 16:00:00,347.0,347.3,345.6,346.6,170.6928
2024-07-20 16:15:00,346.7,347.8,345.5,345.7,112.8481
2024-07-20 16:30:00,345.9,347.4,345.7,346.8,166.5484
2024-07-20 16:45:00,346.7,347.1,346.0,346.5,215.6632
2024-07-20 17:00:00,346.3,347.8,346.1,346.7,92.2398
2024-07-20 17:15:00,346.6,346.8,345.5,345.6,99.2734
2024-07-20 17:30:00,345.5,346.4,344.7,345.4,110.8325
2024-07-20 17:45:00,345.3,346.3,344.4,344.7,80.5634
2024-07-20 18:00:00,344.7,345.1,344.2,344.6,107.982
2024-07-20 18:15:00,344.4,345.3,343.3,345.1,291.472
2024-07-20 18:30:00,345.1,346.1,344.5,346.1,113.7926
2024-07-20 18:45:00,346.0,346.4,343.6,344.2,154.6319
2024-07-20 19:00:00,344.3,346.3,344.2,346.2,74.8715
2024-07-20 19:15:00,346.1,346.5,344.9,345.2,90.934
2024-07-20 19:30:00,345.4,345.5,343.3,344.9,252.4828
2024-07-20 19:45:00,344.8,346.4,344.7,345.2,158.1383
2024-07-20 20:00:00,345.3,346.2,343.6,344.0,122.1801
2024-07-20 20:15:00,344.3,344.5,342.4,343.7,314.2023
2024-07-20 20:30:00,344.0,344.9,340.2,340.6,882.6065
2024-07-20 20:45:00,340.5,342.7,339.2,342.3,493.7198
2024-07-20 21:00:00,342.3,343.5,341.3,343.4,282.3074
2024-07-20 21:15:00,343.4,344.2,342.1,342.5,169.7674
2024-07-20 21:30:00,342.7,344.4,341.3,344.0,239.8516
2024-07-20 21:45:00,343.9,343.9,341.2,342.0,399.0125
2024-07-20 22:00:00,342.0,343.4,341.9,343.1,195.7426
2024-07-20 22:15:00,343.2,343.9,342.5,343.3,121.5447
2024-07-20 22:30:00,343.2,344.3,341.4,341.9,281.6022
2024-07-20 22:45:00,342.1,343.3,341.8,342.4,99.6504
2024-07-20 23:00:00,342.5,343.2,341.3,341.8,147.1985
2024-07-20 23:15:00,341.7,342.9,341.2,342.1,384.4453
2024-07-20 23:30:00,342.2,343.7,341.6,343.0,277.2644
2024-07-20 23:45:00,343.0,343.0,341.0,341.8,283.2895
2024-07-21 00:00:00,341.8,345.7,341.3,344.3,363.9402
2024-07-21 00:15:00,344.3,345.3,341.5,342.2,251.3706
2024-07-21 00:30:00,342.1,343.9,341.8,342.9,277.8839
2024-07-21 00:45:00,343.0,344.9,343.0,344.2,308.3367
2024-07-21 01:00:00,344.4,344.4,341.8,342.3,317.9342
2024-07-21 01:15:00,342.2,343.6,341.5,343.3,287.0552
2024-07-21 01:30:00,343.0,343.4,341.8,343.3,310.7617
2024-07-21 01:45:00,343.2,343.9,342.4,342.6,331.3447
2024-07-21 02:00:00,342.6,343.7,342.1,342.1,292.0975
2024-07-21 02:15:00,342.2,342.9,341.6,342.9,59.1953
2024-07-21 02:30:00,342.9,343.3,341.3,341.9,424.5808
2024-07-21 02:45:00,341.8,342.7,341.1,341.1,248.9479
2024-07-21 03:00:00,341.1,342.1,340.8,342.0,316.2147
2024-07-21 03:15:00,342.1,342.2,340.2,340.9,282.2846
2024-07-21 03:30:00,340.8,342.4,340.5,341.9,54.7535
2024-07-21 03:45:00,341.9,342.8,341.3,342.4,291.431
2024-07-21 04:00:00,342.4,342.8,340.4,341.4,161.704
2024-07-21 04:15:00,341.6,342.0,340.5,341.7,83.5521
2024-07-21 04:30:00,341.6,342.0,340.0,340.2,138.7334
2024-07-21 04:45:00,340.2,340.9,339.9,340.3,211.8683
2024-07-21 05:00:00,340.3,340.6,338.3,339.6,468.2239
2024-07-21 05:15:00,339.5,341.6,338.7,340.5,304.6758
2024-07-21 05:30:00,339.9,340.3,338.6,338.8,80.2335
2024-07-21 05:45:00,338.7,339.3,336.8,337.6,394.2757
2024-07-21 06:00:00,337.6,337.8,336.6,337.1,197.323
2024-07-21 06:15:00,337.3,337.5,336.2,337.2,333.7473
2024-07-21 06:30:00,337.2,338.5,336.4,336.5,465.4714
2024-07-21 06:45:00,336.7,337.9,336.5,337.9,129.6964
2024-07-21 07:00:00,337.9,339.0,336.7,338.0,193.5779
2024-07-21 07:15:00,337.7,339.3,337.7,338.5,188.2678
2024-07-21 07:30:00,338.5,339.4,336.9,337.0,95.2914
2024-07-21 07:45:00,337.3,338.4,336.2,337.4,74.6689
2024-07-21 08:00:00,337.6,339.4,337.4,338.9,62.5006
2024-07-21 08:15:00,338.7,340.8,338.7,340.1,104.148
2024-07-21 08:30:00,340.1,340.8,339.2,340.1,87.8725
2024-07-21 08:45:00,340.0,341.5,339.5,339.9,192.5182
2024-07-21 09:00:00,339.9,341.4,339.7,340.1,123.7989
2024-07-21 09:15:00,340.2,341.7,339.7,341.4,83.7967
2024-07-21 09:30:00,341.7,343.0,341.3,343.0,73.1236
2024-07-21 09:45:00,343.1,343.7,340.5,340.6,156.9467
2024-07-21 10:00:00,340.6,340.9,339.9,340.3,136.3022
2024-07-21 10:15:00,340.4,341.2,339.6,339.7,31.3086
2024-07-21 10:30:00,339.7,340.7,338.2,340.7,305.3384
2024-07-21 10:45:00,340.7,340.9,339.5,339.5,93.8487
2024-07-21 11:00:00,339.7,340.5,339.5,340.0,51.8401
2024-07-21 11:15:00,340.2,342.7,340.1,342.3,222.6199
2024-07-21 11:30:00,342.3,342.5,340.0,340.3,96.8544
2024-07-21 11:45:00,340.3,340.5,338.0,338.2,73.8453
2024-07-21 12:00:00,338.3,338.6,333.5,335.7,1082.2282
2024-07-21 12:15:00,335.5,337.6,335.5,336.5,205.0368
2024-07-21 12:30:00,336.7,337.4,334.0,336.5,651.5455
2024-07-21 12:45:00,336.5,336.9,335.4,336.5,337.0883
2024-07-21 13:00:00,336.6,338.6,336.4,338.2,177.3015
2024-07-21 13:15:00,338.1,338.1,336.2,337.0,132.2885
2024-07-21 13:30:00,337.1,337.9,336.1,337.3,389.2527
2024-07-21 13:45:00,337.4,337.5,335.0,335.2,238.587
2024-07-21 14:00:00,335.2,337.5,333.7,337.1,422.266
2024-07-21 14:15:00,337.2,338.1,335.1,335.6,193.3822
2024-07-21 14:30:00,335.5,337.3,335.0,335.7,240.7966
2024-07-21 14:45:00,335.5,337.5,335.2,337.4,194.3146
2024-07-21 15:00:00,337.5,339.0,337.3,338.6,151.1374
2024-07-21 15:15:00,338.6,339.3,336.1,336.5,235.2263
2024-07-21 15:30:00,336.6,336.9,335.6,336.1,209.7795
2024-07-21 15:45:00,336.0,336.4,335.6,335.7,98.7598
2024-07-21 16:00:00,335.9,336.4,335.0,335.7,308.6422
2024-07-21 16:15:00,335.8,336.5,335.6,335.8,81.8885
2024-07-21 16:30:00,335.7,339.2,335.7,338.7,287.351
2024-07-21 16:45:00,338.4,340.2,338.4,339.2,286.054
2024-07-21 17:00:00,339.4,340.2,337.5,338.0,257.7642
2024-07-21 17:15:00,338.0,338.0,336.3,336.9,137.4393
2024-07-21 17:30:00,337.1,337.5,336.7,337.0,59.9534
2024-07-21 17:45:00,336.8,338.1,336.4,336.9,268.7802
2024-07-21 18:00:00,336.9,337.8,336.9,337.1,21.7072
2024-07-21 18:15:00,337.1,338.3,337.0,337.7,81.2278
2024-07-21 18:30:00,337.5,338.9,337.0,337.5,100.6158
2024-07-21 18:45:00,337.5,338.3,337.3,337.7,49.444
2024-07-21 19:00:00,337.9,339.0,337.8,338.8,297.5835
2024-07-21 19:15:00,338.7,339.7,338.5,339.5,143.1482
2024-07-21 19:30:00,339.6,340.0,338.8,339.0,116.3301
2024-07-21 19:45:00,339.0,341.5,339.0,341.4,266.9562
2024-07-21 20:00:00,341.3,341.5,339.3,340.1,248.7603
2024-07-21 20:15:00,340.1,340.4,339.4,340.1,140.786
2024-07-21 20:30:00,340.1,340.1,338.1,338.9,247.2118
2024-07-21 20:45:00,338.7,338.8,337.5,338.3,343.2969
2024-07-21 21:00:00,338.2,340.1,336.9,339.9,179.8826
2024-07-21 21:15:00,340.0,342.0,339.5,341.3,291.9666
2024-07-21 21:30:00,341.3,344.5,341.3,344.1,1015.8596
2024-07-21 21:45:00,344.1,344.3,342.3,343.4,240.0157
2024-07-21 22:00:00,343.2,344.2,341.8,341.9,227.1903
2024-07-21 22:15:00,341.8,342.3,340.7,341.4,100.6464
2024-07-21 22:30:00,341.6,344.0,341.4,341.7,453.5085
2024-07-21 22:45:00,341.7,341.7,338.7,339.3,377.7144
2024-07-21 23:00:00,339.5,340.2,337.7,339.4,318.1576
2024-07-21 23:15:00,339.4,339.6,336.7,337.3,154.0085
2024-07-21 23:30:00,337.3,338.7,336.9,338.4,113.5731
2024-07-21 23:45:00,338.3,341.0,338.1,340.4,341.0029
2024-07-22 00:00:00,340.6,341.0,337.9,339.3,316.7161
2024-07-22 00:15:00,339.3,339.4,338.0,338.4,127.1676
2024-07-22 00:30:00,338.5,339.1,337.5,337.5,230.6923
2024-07-22 00:45:00,337.6,337.7,333.3,336.6,978.9803
2024-07-22 01:00:00,336.6,338.2,325.5,332.8,2016.6594
2024-07-22 01:15:00,332.8,341.5,332.2,340.9,926.1913
2024-07-22 01:30:00,340.5,340.9,337.5,337.6,613.5329
2024-07-22 01:45:00,337.6,338.5,335.8,335.9,135.3275
2024-07-22 02:00:00,335.9,336.7,335.0,335.9,79.1012
2024-07-22 02:15:00,336.2,341.2,335.4,340.5,186.1837
2024-07-22 02:30:00,340.3,342.9,340.3,341.8,488.8995
2024-07-22 02:45:00,341.9,343.4,341.7,342.0,256.8634
2024-07-22 03:00:00,341.9,343.3,340.9,342.7,153.1994
2024-07-22 03:15:00,342.6,347.1,342.5,346.8,552.629
2024-07-22 03:30:00,346.8,348.1,342.8,344.8,380.1621
2024-07-22 03:45:00,344.8,346.6,344.0,344.4,249.9639
2024-07-22 04:00:00,344.5,345.9,344.5,345.1,140.8875
2024-07-22 04:15:00,345.1,346.4,344.8,345.1,90.1843
2024-07-22 04:30:00,345.4,348.3,345.0,348.2,166.6149
2024-07-22 04:45:00,348.2,352.0,347.7,351.3,506.7684
2024-07-22 05:00:00,351.3,354.8,351.0,353.8,578.5536
2024-07-22 05:15:00,353.9,355.6,352.8,353.2,385.6828
2024-07-22 05:30:00,353.1,354.3,351.2,353.2,227.3193
2024-07-22 05:45:00,353.2,354.7,352.9,353.7,227.1065
2024-07-22 06:00:00,353.5,355.5,352.7,354.7,195.3347
2024-07-22 06:15:00,355.2,355.5,352.8,353.4,280.6168
2024-07-22 06:30:00,353.3,353.6,350.8,350.8,409.7943
2024-07-22 06:45:00,350.9,351.5,349.4,350.3,273.5438
2024-07-22 07:00:00,350.4,351.1,348.8,349.5,137.14
2024-07-22 07:15:00,349.5,351.2,348.7,351.1,131.0035
2024-07-22 07:30:00,350.9,354.8,350.9,354.6,204.4867
2024-07-22 07:45:00,354.7,355.4,353.9,354.5,262.0774
2024-07-22 08:00:00,354.8,355.9,353.1,353.2,171.1313
2024-07-22 08:15:00,353.2,355.3,351.2,354.9,150.6039
2024-07-22 08:30:00,355.4,355.7,352.5,353.1,206.7511
2024-07-22 08:45:00,353.2,353.7,352.1,352.6,104.19
2024-07-22 09:00:00,352.6,353.1,351.2,352.8,154.1118
2024-07-22 09:15:00,352.6,354.1,351.7,352.3,372.0102
2024-07-22 09:30:00,352.5,353.7,352.2,352.5,57.8386
2024-07-22 09:45:00,352.3,353.6,352.1,352.6,74.7774
2024-07-22 10:00:00,352.5,352.5,351.1,351.8,54.5393
2024-07-22 10:15:00,351.9,353.4,350.0,351.1,256.9003
2024-07-22 10:30:00,350.8,352.7,350.8,351.5,101.0334
2024-07-22 10:45:00,351.5,352.1,350.9,351.1,24.2578
2024-07-22 11:00:00,350.9,351.2,348.4,349.3,135.9892
2024-07-22 11:15:00,349.1,350.1,347.5,347.5,200.9831
2024-07-22 11:30:00,347.3,347.7,345.1,345.3,497.8588
2024-07-22 11:45:00,345.2,346.2,344.1,345.9,198.3243
2024-07-22 12:00:00,346.1,347.2,345.0,345.1,110.9128
2024-07-22 12:15:00,345.1,345.3,342.4,342.7,264.7452
2024-07-22 12:30:00,342.7,343.0,336.6,336.7,630.734
2024-07-22 12:45:00,336.9,338.3,334.7,337.6,569.5379
2024-07-22 13:00:00,337.5,339.1,335.9,338.6,246.2179
2024-07-22 13:15:00,338.5,338.7,336.6,337.0,138.2022
2024-07-22 13:30:00,336.9,338.2,335.1,336.0,363.7201
2024-07-22 13:45:00,335.8,337.8,335.6,336.3,351.9542
2024-07-22 14:00:00,336.2,336.5,334.2,336.3,161.1914
2024-07-22 14:15:00,336.9,337.1,335.4,335.9,145.1107
2024-07-22 14:30:00,336.0,337.2,335.5,336.2,328.3607
2024-07-22 14:45:00,336.1,337.9,335.5,337.7,349.9412
2024-07-22 15:00:00,337.8,338.5,336.1,338.1,215.2442
2024-07-22 15:15:00,337.8,337.9,335.8,336.6,207.2185
2024-07-22 15:30:00,336.5,336.6,334.0,334.9,471.9732
2024-07-22 15:45:00,335.0,335.5,332.6,333.0,224.0175
2024-07-22 16:00:00,333.0,335.2,331.9,334.7,258.927
2024-07-22 16:15:00,334.6,340.3,334.4,337.1,652.4187
2024-07-22 16:30:00,337.1,337.4,335.7,335.7,278.3059
2024-07-22 16:45:00,335.8,336.4,334.8,336.1,101.2179
2024-07-22 17:00:00,336.0,336.0,334.1,334.3,81.4943
2024-07-22 17:15:00,334.1,337.5,334.0,337.5,191.0993
2024-07-22 17:30:00,337.2,337.2,335.8,335.8,126.2535
2024-07-22 17:45:00,335.6,335.8,334.2,334.7,94.9372
2024-07-22 18:00:00,334.6,334.9,333.1,333.7,206.9436
2024-07-22 18:15:00,333.8,334.8,332.9,333.4,129.8588
2024-07-22 18:30:00,333.6,334.4,333.0,333.8,101.7432
2024-07-22 18:45:00,333.8,337.4,333.8,336.7,623.4688
2024-07-22 19:00:00,336.7,337.8,334.3,334.8,477.0826
2024-07-22 19:15:00,334.7,336.9,334.2,336.2,172.4565
2024-07-22 19:30:00,336.4,337.0,335.2,335.5,125.3498
2024-07-22 19:45:00,335.3,338.3,335.3,338.1,128.7373
2024-07-22 20:00:00,338.2,341.3,337.8,338.6,312.7273
2024-07-22 20:15:00,338.6,338.8,334.9,334.9,222.0635
2024-07-22 20:30:00,335.0,336.1,331.5,332.9,547.4443
2024-07-22 20:45:00,332.7,333.0,330.6,331.4,981.594
2024-07-22 21:00:00,331.1,333.1,330.0,330.6,543.7747
2024-07-22 21:15:00,330.4,331.3,327.0,328.3,443.7685
2024-07-22 21:30:00,328.5,328.7,322.4,325.4,1194.174
2024-07-22 21:45:00,325.3,327.7,321.7,323.1,1094.4144
2024-07-22 22:00:00,323.0,325.7,322.0,323.9,808.6424
2024-07-22 22:15:00,324.0,326.0,323.3,324.5,575.4525
2024-07-22 22:30:00,324.4,328.2,324.4,327.6,398.372
2024-07-22 22:45:00,327.3,328.5,325.9,326.1,142.8959
2024-07-22 23:00:00,326.3,326.6,324.1,324.7,361.6231
2024-07-22 23:15:00,324.9,325.4,322.7,323.3,400.906
2024-07-22 23:30:00,323.2,324.7,320.8,324.5,324.0768
2024-07-22 23:45:00,324.5,326.1,322.9,323.7,294.6111
2024-07-23 00:00:00,323.5,324.8,323.0,324.8,94.7509
2024-07-23 00:15:00,325.0,326.8,324.7,325.7,224.0189
2024-07-23 00:30:00,325.5,326.8,325.2,326.0,138.0747
2024-07-23 00:45:00,325.9,327.1,325.5,326.1,256.8666
2024-07-23 01:00:00,326.0,327.6,326.0,326.8,177.9657
2024-07-23 01:15:00,326.9,327.6,325.7,325.8,161.2757
2024-07-23 01:30:00,325.8,326.9,324.4,326.1,308.9405
2024-07-23 01:45:00,326.0,327.3,326.0,326.5,163.6506
2024-07-23 02:00:00,326.6,328.7,326.1,328.2,141.6105
2024-07-23 02:15:00,328.2,330.5,327.6,330.3,212.1762
2024-07-23 02:30:00,330.3,331.0,329.2,329.5,103.8341
2024-07-23 02:45:00,329.4,333.3,329.3,333.3,476.6774
2024-07-23 03:00:00,333.3,333.6,329.8,332.0,253.8091
2024-07-23 03:15:00,331.8,332.0,328.9,329.3,129.298
2024-07-23 03:30:00,329.1,330.9,328.2,330.5,410.6855
2024-07-23 03:45:00,330.5,332.8,329.6,332.2,203.3556
2024-07-23 04:00:00,332.4,333.6,327.5,327.7,723.0966
2024-07-23 04:15:00,327.7,328.3,325.3,327.8,335.4441
2024-07-23 04:30:00,327.7,329.9,326.8,329.5,254.9873
2024-07-23 04:45:00,329.5,329.6,327.6,328.7,133.2616
2024-07-23 05:00:00,328.7,328.7,326.0,326.3,183.0984
2024-07-23 05:15:00,326.1,326.7,323.1,323.6,421.1896
2024-07-23 05:30:00,323.8,324.8,322.2,323.4,502.9196
2024-07-23 05:45:00,323.3,324.2,322.5,323.0,230.0612
2024-07-23 06:00:00,323.1,323.3,321.6,322.9,383.1585
2024-07-23 06:15:00,323.0,325.2,322.4,325.0,206.5109
2024-07-23 06:30:00,325.2,326.3,324.8,325.4,295.0422
2024-07-23 06:45:00,325.4,325.8,324.8,325.2,105.3004
2024-07-23 07:00:00,325.3,329.4,325.3,328.8,353.5802
2024-07-23 07:15:00,328.8,329.0,325.6,327.0,192.2492
2024-07-23 07:30:00,327.0,331.0,327.0,330.4,233.0238
2024-07-23 07:45:00,330.5,333.4,330.5,332.0,209.2911
2024-07-23 08:00:00,332.0,333.4,330.5,332.0,654.6097
2024-07-23 08:15:00,332.0,334.6,332.0,332.7,358.0086
2024-07-23 08:30:00,332.8,334.6,331.3,332.9,206.6942
2024-07-23 08:45:00,332.8,333.5,331.6,331.8,143.658
2024-07-23 09:00:00,331.8,333.7,331.8,332.3,238.193
2024-07-23 09:15:00,332.4,333.5,331.2,331.5,358.1402
2024-07-23 09:30:00,331.5,333.2,330.9,333.1,203.1616
2024-07-23 09:45:00,333.2,333.5,330.4,331.4,236.973
2024-07-23 10:00:00,331.3,331.3,329.2,329.6,194.7939
2024-07-23 10:15:00,329.5,329.8,328.4,328.5,56.1363
2024-07-23 10:30:00,328.5,328.9,327.6,328.0,59.0426
2024-07-23 10:45:00,328.0,328.4,326.9,327.0,68.4976
2024-07-23 11:00:00,327.0,327.4,325.8,327.4,154.5403
2024-07-23 11:15:00,327.2,327.2,323.3,323.6,270.6564
2024-07-23 11:30:00,323.5,323.6,320.6,321.1,356.2412
2024-07-23 11:45:00,321.2,323.2,321.2,322.2,85.2807
2024-07-23 12:00:00,322.0,322.8,319.3,320.0,269.3501
2024-07-23 12:15:00,320.0,320.4,313.7,315.3,1209.4811
2024-07-23 12:30:00,315.3,317.1,313.2,316.8,488.5308
2024-07-23 12:45:00,316.7,319.7,316.2,319.3,498.5323
2024-07-23 13:00:00,319.4,321.6,319.2,321.2,326.8129
2024-07-23 13:15:00,321.4,321.9,319.7,320.0,480.4122
2024-07-23 13:30:00,320.0,320.0,317.4,319.4,509.8499
2024-07-23 13:45:00,319.5,321.1,318.4,321.0,150.1825
2024-07-23 14:00:00,320.9,322.3,320.1,320.9,132.52
2024-07-23 14:15:00,320.8,322.4,319.5,320.2,98.8069
2024-07-23 14:30:00,320.1,322.4,319.6,321.1,275.8646
2024-07-23 14:45:00,321.1,321.3,318.9,319.5,342.2628
2024-07-23 15:00:00,319.7,322.2,319.4,322.2,285.1547
2024-07-23 15:15:00,322.3,324.2,322.0,324.1,222.4809
2024-07-23 15:30:00,324.3,328.7,324.2,326.9,526.1396
2024-07-23 15:45:00,326.9,329.4,326.6,329.2,255.9394
2024-07-23 16:00:00,329.2,331.0,328.0,328.4,857.6197
2024-07-23 16:15:00,328.3,329.5,326.9,327.2,246.0952
2024-07-23 16:30:00,327.0,330.2,326.5,327.4,653.4268
2024-07-23 16:45:00,327.3,327.5,325.8,326.6,406.5918
2024-07-23 17:00:00,326.5,326.8,324.7,325.0,588.6479
2024-07-23 17:15:00,325.1,325.7,323.6,324.0,315.4213
2024-07-23 17:30:00,324.0,325.4,323.7,324.5,472.368
2024-07-23 17:45:00,324.4,325.9,323.4,325.5,415.701
2024-07-23 18:00:00,325.5,326.7,323.1,325.8,417.9183
2024-07-23 18:15:00,326.0,326.0,322.9,323.7,202.4784
2024-07-23 18:30:00,323.6,326.1,323.3,325.4,141.5764
2024-07-23 18:45:00,325.5,326.4,323.6,323.6,218.741
2024-07-23 19:00:00,323.6,323.9,321.5,321.9,287.875
2024-07-23 19:15:00,321.9,323.0,320.4,320.9,160.5431
2024-07-23 19:30:00,320.8,320.8,317.9,319.4,921.5629
2024-07-23 19:45:00,319.3,319.8,315.3,315.9,994.7177
2024-07-23 20:00:00,315.8,317.5,311.1,312.7,1230.711
2024-07-23 20:15:00,312.8,316.9,311.0,314.4,948.76
2024-07-23 20:30:00,314.5,318.2,311.3,312.5,987.4679
2024-07-23 20:45:00,312.5,313.1,310.0,312.4,796.1877
2024-07-23 21:00:00,312.2,315.9,310.0,315.7,1282.3608
2024-07-23 21:15:00,315.7,317.5,315.0,316.1,635.1162
2024-07-23 21:30:00,316.2,320.0,316.0,318.2,802.3415
2024-07-23 21:45:00,318.4,318.6,313.8,314.0,861.2918
2024-07-23 22:00:00,314.0,314.2,309.5,312.4,1165.9646
2024-07-23 22:15:00,312.4,313.2,308.6,309.0,309.0953
2024-07-23 22:30:00,308.9,310.5,308.1,309.3,577.0928
2024-07-23 22:45:00,309.3,310.1,308.1,309.5,398.2496
2024-07-23 23:00:00,309.5,311.2,308.4,309.3,409.4145
2024-07-23 23:15:00,309.4,311.1,308.2,308.7,741.3609
2024-07-23 23:30:00,308.7,310.0,303.9,305.2,568.0189
2024-07-23 23:45:00,305.3,307.6,301.0,301.6,2526.2835
2024-07-24 00:00:00,301.8,304.9,301.6,304.6,847.5085
2024-07-24 00:15:00,304.6,306.9,304.4,305.6,537.8027
2024-07-24 00:30:00,305.7,305.9,303.2,305.2,378.4237
2024-07-24 00:45:00,305.5,306.0,304.0,305.1,228.3322
2024-07-24 01:00:00,305.1,306.5,303.8,304.4,317.1136
2024-07-24 01:15:00,304.5,305.0,303.0,303.2,202.767
2024-07-24 01:30:00,303.2,304.2,302.7,304.0,370.8541
2024-07-24 01:45:00,304.0,305.3,303.6,304.2,266.9159
2024-07-24 02:00:00,304.2,308.3,303.8,308.1,299.2137
2024-07-24 02:15:00,308.1,308.3,306.5,307.9,440.1906
2024-07-24 02:30:00,307.8,307.8,305.0,305.5,290.6191
2024-07-24 02:45:00,305.8,306.2,304.4,305.9,309.8752
2024-07-24 03:00:00,305.9,307.7,305.9,306.9,246.595
2024-07-24 03:15:00,307.0,309.1,306.0,308.5,262.6505
2024-07-24 03:30:00,308.5,308.6,306.9,306.9,154.593
2024-07-24 03:45:00,307.2,307.6,306.5,306.6,271.9245
2024-07-24 04:00:00,306.7,310.2,306.3,309.9,269.0463
2024-07-24 04:15:00,310.0,312.4,309.3,310.9,679.2311
2024-07-24 04:30:00,310.9,310.9,309.1,310.2,147.8289
2024-07-24 04:45:00,310.3,310.8,309.0,309.0,152.5351
2024-07-24 05:00:00,309.0,311.2,307.8,310.5,242.1365
2024-07-24 05:15:00,310.6,310.8,308.9,310.4,146.1752
2024-07-24 05:30:00,310.5,313.6,310.5,312.6,278.0261
2024-07-24 05:45:00,312.6,316.5,312.4,315.4,631.3202
2024-07-24 06:00:00,315.5,326.0,313.9,324.9,2064.9736
2024-07-24 06:15:00,324.8,329.4,321.7,323.5,784.61
2024-07-24 06:30:00,323.6,326.1,322.9,324.4,366.2587
2024-07-24 06:45:00,324.4,329.9,323.9,328.9,858.7013
2024-07-24 07:00:00,328.9,331.8,326.7,328.4,808.1668
2024-07-24 07:15:00,328.6,328.6,325.4,326.7,201.3144
2024-07-24 07:30:00,326.5,328.9,325.9,326.3,355.949
2024-07-24 07:45:00,326.3,328.9,325.6,327.2,301.7423
2024-07-24 08:00:00,327.2,328.5,325.8,326.5,162.9077
2024-07-24 08:15:00,326.3,327.6,325.6,327.2,104.3283
2024-07-24 08:30:00,327.5,328.3,325.9,327.1,208.6218
2024-07-24 08:45:00,327.1,327.1,323.5,323.7,197.4869
2024-07-24 09:00:00,324.1,324.3,322.8,323.5,326.6024
2024-07-24 09:15:00,323.5,324.0,320.5,321.1,690.5638
2024-07-24 09:30:00,321.0,323.4,321.0,322.0,376.0796
2024-07-24 09:45:00,321.9,323.2,320.1,322.9,168.0879
2024-07-24 10:00:00,322.9,323.0,321.4,322.1,196.8119
2024-07-24 10:15:00,322.1,323.9,321.6,323.8,72.3061
2024-07-24 10:30:00,323.8,327.0,323.8,327.0,219.8464
2024-07-24 10:45:00,326.9,328.3,326.4,327.5,204.9952
2024-07-24 11:00:00,327.4,328.4,324.3,324.9,197.0893
2024-07-24 11:15:00,325.0,325.1,323.7,324.1,153.9189
2024-07-24 11:30:00,324.2,325.9,323.5,323.9,131.7956
2024-07-24 11:45:00,324.1,327.6,323.8,326.4,322.1941
2024-07-24 12:00:00,326.8,327.7,324.8,325.0,83.1892
2024-07-24 12:15:00,325.0,326.4,324.0,324.5,323.2361
2024-07-24 12:30:00,324.5,327.2,324.2,325.9,259.7474
2024-07-24 12:45:00,325.8,326.9,325.0,325.4,229.5977
2024-07-24 13:00:00,325.4,325.8,324.0,325.3,144.1441
2024-07-24 13:15:00,325.2,328.0,324.6,325.1,181.0874
2024-07-24 13:30:00,325.2,325.3,322.9,323.0,73.2155
2024-07-24 13:45:00,323.3,324.4,323.0,324.1,79.6336
2024-07-24 14:00:00,324.1,331.2,323.6,328.0,840.0389
2024-07-24 14:15:00,328.0,330.2,327.0,329.6,216.5246
2024-07-24 14:30:00,329.7,329.7,328.6,328.7,338.6092
2024-07-24 14:45:00,328.6,328.8,327.0,328.0,549.5936
2024-07-24 15:00:00,328.2,335.3,328.1,335.1,1258.4233
2024-07-24 15:15:00,335.0,339.8,334.4,337.4,1385.2369
2024-07-24 15:30:00,337.6,339.6,337.2,338.2,442.3011
2024-07-24 15:45:00,338.3,338.8,336.8,338.1,290.999
2024-07-24 16:00:00,338.3,342.0,337.0,339.9,690.3854
2024-07-24 16:15:00,340.0,340.8,338.2,339.3,693.6512
2024-07-24 16:30:00,339.2,340.5,338.2,338.8,614.3686
2024-07-24 16:45:00,338.7,341.0,338.6,339.2,554.7256
2024-07-24 17:00:00,339.4,339.6,337.6,339.0,264.2382
2024-07-24 17:15:00,339.1,341.9,338.4,341.0,525.3092
2024-07-24 17:30:00,340.9,343.3,339.7,343.1,584.8061
2024-07-24 17:45:00,343.0,344.2,341.1,341.5,622.614
2024-07-24 18:00:00,341.6,342.7,339.7,341.1,467.9355
2024-07-24 18:15:00,341.1,345.0,340.5,342.7,825.4606
2024-07-24 18:30:00,342.6,345.2,341.2,341.6,965.0417
2024-07-24 18:45:00,341.5,344.9,340.5,343.7,584.8413
2024-07-24 19:00:00,343.7,345.6,342.3,342.8,640.5248
2024-07-24 19:15:00,342.7,345.6,340.9,342.9,997.9694
2024-07-24 19:30:00,342.9,344.1,342.2,342.5,503.4453
2024-07-24 19:45:00,342.4,342.5,338.5,339.4,742.5019
2024-07-24 20:00:00,339.2,341.0,339.0,340.0,318.0068
2024-07-24 20:15:00,340.1,342.9,339.9,341.5,467.5177
2024-07-24 20:30:00,341.7,343.2,340.2,341.5,703.7847
2024-07-24 20:45:00,341.4,342.6,339.0,339.7,771.9988
2024-07-24 21:00:00,339.5,341.1,338.4,340.1,685.4739
2024-07-24 21:15:00,340.1,340.2,336.3,338.3,1055.9215
2024-07-24 21:30:00,338.2,340.9,336.4,339.4,971.1994
2024-07-24 21:45:00,339.3,340.4,337.1,339.3,833.6784
2024-07-24 22:00:00,339.1,340.0,335.7,336.2,629.3554
2024-07-24 22:15:00,336.0,337.1,333.0,334.0,987.0391
2024-07-24 22:30:00,333.9,335.2,332.5,333.5,701.2654
2024-07-24 22:45:00,333.4,338.0,332.9,334.1,1465.8045
2024-07-24 23:00:00,334.2,336.8,332.8,335.9,418.8331
2024-07-24 23:15:00,336.0,338.8,335.8,338.1,651.6147
2024-07-24 23:30:00,338.2,338.3,335.7,336.3,192.2413
2024-07-24 23:45:00,336.4,337.9,335.6,337.0,293.8249
2024-07-25 00:00:00,336.8,337.7,335.9,337.6,404.133
2024-07-25 00:15:00,337.5,337.6,335.1,335.8,388.9537
2024-07-25 00:30:00,335.6,343.6,334.5,339.9,1625.9388
2024-07-25 00:45:00,339.9,340.3,337.2,337.2,377.7009
2024-07-25 01:00:00,337.2,337.3,333.6,335.3,475.7848
2024-07-25 01:15:00,335.2,336.0,332.5,332.7,621.2017
2024-07-25 01:30:00,332.9,333.3,330.2,330.9,1022.85
2024-07-25 01:45:00,330.9,332.2,330.0,330.9,706.9169
2024-07-25 02:00:00,331.0,332.5,330.0,332.1,441.1878
2024-07-25 02:15:00,332.1,336.8,330.7,336.4,552.8442
2024-07-25 02:30:00,336.4,337.6,334.7,335.9,458.0846
2024-07-25 02:45:00,335.9,336.5,333.7,334.0,174.5195
2024-07-25 03:00:00,334.4,335.7,333.2,335.0,550.4436
2024-07-25 03:15:00,335.1,336.1,334.4,335.7,215.4762
2024-07-25 03:30:00,335.7,340.3,335.6,338.9,1075.6985
2024-07-25 03:45:00,338.9,339.7,338.4,338.9,264.4909
2024-07-25 04:00:00,338.8,339.5,333.4,336.0,747.4574
2024-07-25 04:15:00,336.0,338.5,333.1,333.4,965.0539
2024-07-25 04:30:00,333.4,334.7,330.9,334.4,854.3942
2024-07-25 04:45:00,334.3,337.1,334.3,335.9,248.1315
2024-07-25 05:00:00,335.8,336.8,333.3,335.7,265.7482
2024-07-25 05:15:00,335.8,337.6,334.8,337.0,234.3006
2024-07-25 05:30:00,337.0,338.4,335.6,338.2,472.9869
2024-07-25 05:45:00,338.0,339.2,334.5,335.6,344.668
2024-07-25 06:00:00,335.8,336.0,331.0,335.2,1188.2775
2024-07-25 06:15:00,335.1,335.5,329.3,332.5,1912.8685
2024-07-25 06:30:00,332.5,333.6,331.9,333.0,362.6863
2024-07-25 06:45:00,333.1,334.4,331.7,332.3,322.8403
2024-07-25 07:00:00,332.3,334.1,331.3,332.4,296.9227
2024-07-25 07:15:00,332.6,333.5,331.0,331.4,334.8954
2024-07-25 07:30:00,331.4,334.3,330.6,334.0,471.1444
2024-07-25 07:45:00,334.1,335.1,333.2,333.5,436.9038
2024-07-25 08:00:00,333.5,334.0,322.5,324.7,3641.7342
2024-07-25 08:15:00,324.7,326.7,315.9,317.8,2701.65
2024-07-25 08:30:00,317.8,322.6,315.3,320.7,1744.3548
2024-07-25 08:45:00,320.7,323.7,320.2,321.8,396.2542
2024-07-25 09:00:00,321.8,323.9,320.4,321.0,873.7433
2024-07-25 09:15:00,320.9,322.2,319.7,320.0,1165.0738
2024-07-25 09:30:00,319.9,321.0,318.3,318.6,589.9241
2024-07-25 09:45:00,318.4,322.3,317.3,321.1,1014.3424
2024-07-25 10:00:00,321.1,322.0,317.8,317.9,1164.7236
2024-07-25 10:15:00,318.0,321.6,317.4,321.5,380.9352
2024-07-25 10:30:00,321.7,323.5,320.1,320.9,833.5359
2024-07-25 10:45:00,320.9,324.6,320.9,323.2,708.5759
2024-07-25 11:00:00,323.2,324.4,323.0,324.4,876.358
2024-07-25 11:15:00,324.4,326.4,323.8,325.4,293.8059
2024-07-25 11:30:00,325.5,329.1,324.5,327.8,716.9369
2024-07-25 11:45:00,327.7,330.5,327.6,328.7,288.0358
2024-07-25 12:00:00,328.6,328.9,326.4,328.6,163.5093
2024-07-25 12:15:00,328.9,329.1,326.7,326.9,333.6109
2024-07-25 12:30:00,326.8,329.7,326.5,329.3,446.8673
2024-07-25 12:45:00,329.4,329.5,327.3,328.6,369.5399
2024-07-25 13:00:00,328.7,329.5,327.6,328.8,340.9955
2024-07-25 13:15:00,328.8,330.8,327.9,330.3,446.4716
2024-07-25 13:30:00,330.2,333.7,329.9,333.3,1071.0074
2024-07-25 13:45:00,333.2,336.2,332.2,333.3,1713.4758
2024-07-25 14:00:00,333.2,335.2,331.8,334.8,624.3043
2024-07-25 14:15:00,334.7,335.6,330.0,331.6,1823.6173
2024-07-25 14:30:00,331.9,333.4,331.3,331.4,945.7797
2024-07-25 14:45:00,331.3,331.8,327.8,328.4,813.6357
2024-07-25 15:00:00,328.7,331.4,326.0,330.4,955.695
2024-07-25 15:15:00,330.5,330.6,325.7,326.1,1072.3489
2024-07-25 15:30:00,326.0,326.2,320.4,321.4,4246.4871
2024-07-25 15:45:00,321.5,325.0,320.5,324.8,671.9511
2024-07-25 16:00:00,324.8,326.9,323.3,326.5,334.0078
2024-07-25 16:15:00,326.4,327.0,321.9,324.8,621.3213
2024-07-25 16:30:00,324.7,326.2,322.7,323.5,547.9849
2024-07-25 16:45:00,323.5,323.6,320.2,321.0,592.7133
2024-07-25 17:00:00,321.1,321.6,318.8,318.9,258.2608
2024-07-25 17:15:00,318.8,319.4,316.3,316.8,1050.5208
2024-07-25 17:30:00,316.6,317.9,316.0,316.5,409.6934
2024-07-25 17:45:00,316.4,320.4,316.4,319.8,358.7095
2024-07-25 18:00:00,319.7,320.2,318.2,318.8,153.1608
2024-07-25 18:15:00,318.9,320.6,318.1,318.9,192.2057
2024-07-25 18:30:00,318.9,319.0,316.6,317.2,346.5629
2024-07-25 18:45:00,317.2,318.2,315.5,316.3,771.866
2024-07-25 19:00:00,316.4,319.8,316.4,319.5,331.007
2024-07-25 19:15:00,319.5,320.0,317.0,317.7,303.4248
2024-07-25 19:30:00,317.7,319.3,314.0,314.4,1199.2956
2024-07-25 19:45:00,314.2,314.6,313.0,313.5,685.112
2024-07-25 20:00:00,313.4,314.0,312.0,313.3,901.9552
2024-07-25 20:15:00,313.1,319.8,312.3,317.6,1192.8973
2024-07-25 20:30:00,317.6,322.9,317.3,320.6,1765.2917
2024-07-25 20:45:00,320.7,323.0,319.3,321.2,704.2453
2024-07-25 21:00:00,321.2,321.4,312.6,314.2,1038.9584
2024-07-25 21:15:00,314.2,315.9,313.0,315.5,1108.4711
2024-07-25 21:30:00,315.4,320.0,315.0,319.6,945.1591
2024-07-25 21:45:00,319.5,325.1,319.0,325.0,1130.2768
2024-07-25 22:00:00,324.9,326.4,322.2,324.7,614.4979
2024-07-25 22:15:00,324.6,325.7,319.0,319.4,526.5101
2024-07-25 22:30:00,319.4,320.5,317.0,317.5,634.0286
2024-07-25 22:45:00,317.4,323.6,317.2,323.6,936.2388
2024-07-25 23:00:00,323.5,326.7,321.7,324.6,986.9852
2024-07-25 23:15:00,324.6,326.4,322.8,325.7,334.941
2024-07-25 23:30:00,325.5,330.6,325.4,329.7,938.0409
2024-07-25 23:45:00,329.6,329.7,326.5,327.9,509.2206
2024-07-26 00:00:00,328.0,328.7,326.2,326.6,176.688
2024-07-26 00:15:00,326.5,326.5,323.1,323.7,324.8271
2024-07-26 00:30:00,323.8,325.9,322.9,325.9,170.4815
2024-07-26 00:45:00,326.0,326.7,324.1,324.2,145.5606
2024-07-26 01:00:00,324.1,325.5,322.2,322.8,131.6018
2024-07-26 01:15:00,322.8,322.9,319.2,319.5,347.9834
2024-07-26 01:30:00,319.4,319.8,315.5,316.0,434.1163
2024-07-26 01:45:00,316.1,316.6,312.0,313.9,1360.3542
2024-07-26 02:00:00,313.9,315.0,311.0,314.8,671.7288
2024-07-26 02:15:00,314.8,318.6,314.6,318.0,701.8331
2024-07-26 02:30:00,318.0,318.5,314.4,317.8,382.21
2024-07-26 02:45:00,317.6,317.7,315.4,316.3,150.1847
2024-07-26 03:00:00,316.4,316.9,311.0,312.4,447.508
2024-07-26 03:15:00,312.6,314.5,311.1,313.8,157.1421
2024-07-26 03:30:00,313.7,319.9,313.7,319.1,933.6879
2024-07-26 03:45:00,319.1,323.6,318.6,323.6,447.4619
2024-07-26 04:00:00,323.6,326.7,322.3,326.3,961.5008
2024-07-26 04:15:00,326.2,330.9,325.9,328.8,688.1997
2024-07-26 04:30:00,328.7,329.5,326.3,328.8,533.7107
2024-07-26 04:45:00,328.9,332.0,328.9,330.2,611.2877
2024-07-26 05:00:00,330.2,330.7,327.3,328.7,384.7607
2024-07-26 05:15:00,328.5,330.0,326.9,329.4,225.799
2024-07-26 05:30:00,329.3,332.7,328.9,331.6,253.3076
2024-07-26 05:45:00,331.6,332.6,329.4,329.5,414.8647
2024-07-26 06:00:00,329.3,330.3,328.7,329.4,158.2901
2024-07-26 06:15:00,329.4,330.5,327.7,327.9,110.3125
2024-07-26 06:30:00,327.8,328.1,326.6,326.8,496.09
2024-07-26 06:45:00,327.0,328.4,326.9,327.5,87.8295
2024-07-26 07:00:00,327.5,329.5,325.6,329.3,505.4351
2024-07-26 07:15:00,329.4,329.6,326.7,326.9,172.2511
2024-07-26 07:30:00,327.3,330.2,325.1,330.0,199.4178
2024-07-26 07:45:00,330.0,332.4,329.3,331.5,372.374
2024-07-26 08:00:00,331.4,333.9,330.7,330.7,568.2509
2024-07-26 08:15:00,330.8,330.9,327.2,328.3,291.2044
2024-07-26 08:30:00,328.3,328.3,325.8,326.8,333.3859
2024-07-26 08:45:00,326.9,327.8,325.5,327.3,466.5637
2024-07-26 09:00:00,327.3,329.1,326.3,328.0,352.3411
2024-07-26 09:15:00,328.1,330.7,327.6,330.4,176.0699
2024-07-26 09:30:00,330.2,330.8,328.6,330.1,501.4142
2024-07-26 09:45:00,330.0,331.9,329.0,329.9,212.9734
2024-07-26 10:00:00,330.1,332.9,329.9,332.2,252.0348
2024-07-26 10:15:00,332.1,333.9,331.7,333.0,512.9956
2024-07-26 10:30:00,332.9,333.9,331.2,333.1,224.8829
2024-07-26 10:45:00,333.1,334.6,332.8,334.3,266.0529
2024-07-26 11:00:00,334.4,338.3,333.1,338.0,622.0558
2024-07-26 11:15:00,338.0,340.0,337.4,339.7,422.5854
2024-07-26 11:30:00,339.9,341.0,335.9,335.9,737.1781
2024-07-26 11:45:00,336.1,336.1,334.1,334.9,259.1898
2024-07-26 12:00:00,334.9,335.4,333.7,334.7,146.2323
2024-07-26 12:15:00,334.8,340.6,334.8,340.2,393.2742
2024-07-26 12:30:00,340.1,343.0,340.0,342.0,414.5358
2024-07-26 12:45:00,341.9,343.3,339.8,343.1,480.6544
2024-07-26 13:00:00,343.2,345.8,342.1,345.5,606.7803
2024-07-26 13:15:00,345.5,345.6,343.1,344.9,363.3605
2024-07-26 13:30:00,344.9,347.9,343.3,347.2,587.2572
2024-07-26 13:45:00,347.2,350.9,345.8,350.0,952.9588
2024-07-26 14:00:00,350.1,350.7,347.8,350.4,566.6014
2024-07-26 14:15:00,350.2,351.4,347.5,348.0,652.8093
2024-07-26 14:30:00,348.0,349.6,347.4,348.6,392.8011
2024-07-26 14:45:00,348.6,350.6,346.9,347.1,663.6932
2024-07-26 15:00:00,347.3,352.0,346.9,351.8,1440.1634
2024-07-26 15:15:00,351.8,354.5,351.2,353.5,661.2193
2024-07-26 15:30:00,353.5,356.0,353.4,354.4,835.0953
2024-07-26 15:45:00,354.4,354.7,352.5,352.7,443.9404
2024-07-26 16:00:00,352.7,356.0,351.1,355.0,1096.2685
2024-07-26 16:15:00,355.2,356.7,354.4,354.4,448.3416
2024-07-26 16:30:00,354.2,354.7,342.1,345.8,5968.5275
2024-07-26 16:45:00,345.7,350.2,345.4,348.9,819.8802
2024-07-26 17:00:00,349.1,354.7,349.0,353.6,1545.3446
2024-07-26 17:15:00,353.7,354.9,350.3,352.1,497.3264
2024-07-26 17:30:00,352.3,352.9,349.5,351.0,921.5016
2024-07-26 17:45:00,350.8,354.2,350.7,353.8,395.665
2024-07-26 18:00:00,354.0,354.5,352.0,353.0,683.0041
2024-07-26 18:15:00,353.1,358.5,353.1,357.7,976.7687
2024-07-26 18:30:00,357.5,358.0,356.3,357.4,1968.2261
2024-07-26 18:45:00,357.3,363.6,357.1,362.7,1613.2189
2024-07-26 19:00:00,362.9,366.8,362.1,364.0,1375.7509
2024-07-26 19:15:00,364.1,366.5,362.6,366.0,1776.7736
2024-07-26 19:30:00,366.0,366.3,361.3,361.6,1410.8312
2024-07-26 19:45:00,361.6,366.0,361.1,365.7,1032.2148
2024-07-26 20:00:00,365.7,365.7,361.0,361.8,519.9408
2024-07-26 20:15:00,361.6,363.6,361.6,363.1,426.529
2024-07-26 20:30:00,363.2,364.6,361.1,362.8,904.2432
2024-07-26 20:45:00,362.6,366.0,361.6,365.4,551.7884
2024-07-26 21:00:00,365.5,366.8,361.9,363.5,915.0428
2024-07-26 21:15:00,363.7,364.0,360.0,361.3,1009.8267
2024-07-26 21:30:00,361.1,361.3,358.3,359.7,1757.1354
2024-07-26 21:45:00,359.6,364.7,359.3,364.1,1526.0075
2024-07-26 22:00:00,364.5,365.1,361.6,362.9,284.6847
2024-07-26 22:15:00,362.9,365.8,361.5,363.7,680.1333
2024-07-26 22:30:00,363.8,364.4,361.9,362.9,228.4018
2024-07-26 22:45:00,362.9,363.5,360.0,361.2,365.0194
2024-07-26 23:00:00,361.4,365.6,361.1,365.1,758.1225
2024-07-26 23:15:00,365.0,366.9,364.7,366.4,927.6652
2024-07-26 23:30:00,366.4,367.0,363.7,363.7,488.6252
2024-07-26 23:45:00,363.6,364.1,356.9,357.1,1872.3355
2024-07-27 00:00:00,357.2,359.3,356.2,356.6,938.9543
2024-07-27 00:15:00,356.6,358.9,356.4,358.1,359.9113
2024-07-27 00:30:00,358.1,359.5,357.4,357.6,447.0313
2024-07-27 00:45:00,357.7,359.2,357.6,359.1,107.9583
2024-07-27 01:00:00,359.0,359.0,356.8,357.8,761.1705
2024-07-27 01:15:00,357.9,358.5,357.1,357.1,96.6498
2024-07-27 01:30:00,357.1,358.7,355.0,358.4,744.7028
2024-07-27 01:45:00,358.3,360.0,356.8,358.5,646.4628
2024-07-27 02:00:00,358.5,359.7,357.4,359.1,627.6471
2024-07-27 02:15:00,359.0,359.2,355.5,356.0,819.3005
2024-07-27 02:30:00,355.9,356.8,351.6,356.4,814.6839
2024-07-27 02:45:00,356.3,356.6,353.5,353.8,135.5521
2024-07-27 03:00:00,353.6,353.6,350.0,352.3,750.2068
2024-07-27 03:15:00,352.3,355.5,352.0,354.1,610.02
2024-07-27 03:30:00,354.0,354.3,350.5,350.8,356.8032
2024-07-27 03:45:00,350.8,352.1,350.3,351.6,252.6675
2024-07-27 04:00:00,351.6,351.6,350.2,350.6,146.9795
2024-07-27 04:15:00,350.6,352.2,350.6,350.9,199.7295
2024-07-27 04:30:00,350.8,352.1,349.8,350.1,350.5343
2024-07-27 04:45:00,350.1,352.1,349.9,350.8,177.439
2024-07-27 05:00:00,350.8,354.6,350.0,351.4,481.4113
2024-07-27 05:15:00,351.4,352.8,350.6,351.4,314.3232
2024-07-27 05:30:00,351.4,352.7,350.4,352.6,214.2424
2024-07-27 05:45:00,352.6,353.0,350.9,351.5,129.2782
2024-07-27 06:00:00,351.4,353.1,351.3,352.7,117.701
2024-07-27 06:15:00,352.7,352.8,351.7,351.9,99.2965
2024-07-27 06:30:00,351.9,352.3,350.5,350.8,413.5558
2024-07-27 06:45:00,350.8,351.9,350.8,351.2,90.2298
2024-07-27 07:00:00,351.4,352.0,350.4,351.7,463.2742
2024-07-27 07:15:00,351.8,352.2,350.5,351.6,64.7804
2024-07-27 07:30:00,351.6,351.6,349.8,350.1,140.0585
2024-07-27 07:45:00,350.1,350.7,349.2,349.2,75.3293
2024-07-27 08:00:00,349.3,349.5,348.2,349.1,269.6662
2024-07-27 08:15:00,348.9,348.9,347.7,347.9,62.9426
2024-07-27 08:30:00,347.7,348.1,346.5,347.0,182.7434
2024-07-27 08:45:00,347.0,348.1,346.6,347.0,188.8204
2024-07-27 09:00:00,346.8,347.6,346.4,346.5,249.7092
2024-07-27 09:15:00,346.4,347.3,346.3,346.9,161.3636
2024-07-27 09:30:00,346.9,348.1,346.3,346.7,296.3719
2024-07-27 09:45:00,346.6,348.8,345.6,347.8,179.0311
2024-07-27 10:00:00,347.8,348.6,344.7,346.9,473.5723
2024-07-27 10:15:00,346.7,346.7,345.4,346.0,348.9616
2024-07-27 10:30:00,346.0,347.0,345.1,345.3,111.4905
2024-07-27 10:45:00,345.2,346.1,345.0,346.1,118.2324
2024-07-27 11:00:00,346.0,347.5,345.2,346.6,180.2674
2024-07-27 11:15:00,346.7,346.9,345.8,346.7,154.0249
2024-07-27 11:30:00,346.4,348.1,346.4,347.3,76.4747
2024-07-27 11:45:00,347.3,347.8,346.7,346.9,132.4708
2024-07-27 12:00:00,347.0,347.5,346.2,347.2,210.0643
2024-07-27 12:15:00,347.2,347.2,344.9,345.0,56.4803
2024-07-27 12:30:00,345.0,345.3,342.8,345.1,461.7522
2024-07-27 12:45:00,344.9,345.9,344.6,345.3,84.9191
2024-07-27 13:00:00,345.2,346.6,345.0,346.4,60.9673
2024-07-27 13:15:00,346.4,346.5,345.2,346.3,91.1549
2024-07-27 13:30:00,346.4,347.7,345.4,347.1,173.4116
2024-07-27 13:45:00,347.1,347.9,346.4,347.3,268.602
2024-07-27 14:00:00,347.4,350.0,347.0,348.5,437.4293
2024-07-27 14:15:00,348.5,350.1,346.8,349.6,379.3144
2024-07-27 14:30:00,349.5,350.9,348.8,350.4,383.5768
2024-07-27 14:45:00,350.2,350.3,348.4,349.1,285.0108
2024-07-27 15:00:00,349.1,349.6,345.2,345.9,837.9217
2024-07-27 15:15:00,345.8,346.0,341.0,343.4,843.2112
2024-07-27 15:30:00,343.4,344.6,340.8,341.5,759.2457
2024-07-27 15:45:00,341.6,344.8,341.6,344.3,494.4702
2024-07-27 16:00:00,344.2,344.3,341.9,344.3,572.0993
2024-07-27 16:15:00,344.2,348.4,344.2,347.4,710.9705
2024-07-27 16:30:00,347.4,347.6,344.4,344.5,273.4656
2024-07-27 16:45:00,344.5,345.2,343.2,344.3,441.3332
2024-07-27 17:00:00,344.4,345.5,343.1,345.4,430.8922
2024-07-27 17:15:00,345.3,345.3,343.2,343.9,163.9514
2024-07-27 17:30:00,343.8,344.0,341.5,341.9,334.0499
2024-07-27 17:45:00,342.0,342.9,341.4,342.5,252.6699
2024-07-27 18:00:00,342.5,343.0,341.2,341.8,354.2865
2024-07-27 18:15:00,341.8,341.9,339.0,341.4,575.0686
2024-07-27 18:30:00,341.4,342.3,340.7,341.6,301.237
2024-07-27 18:45:00,341.6,344.6,341.2,343.4,396.7734
2024-07-27 19:00:00,343.5,345.1,342.6,342.7,606.7549
2024-07-27 19:15:00,342.7,343.2,341.6,342.7,255.3552
2024-07-27 19:30:00,342.7,342.9,340.3,341.0,503.6225
2024-07-27 19:45:00,341.0,341.2,339.6,340.2,396.789
2024-07-27 20:00:00,340.2,342.9,339.9,342.3,715.1482
2024-07-27 20:15:00,342.4,345.9,342.0,342.7,688.5299
2024-07-27 20:30:00,342.8,344.2,342.4,344.1,740.342
2024-07-27 20:45:00,344.0,345.6,342.6,344.7,774.1625
2024-07-27 21:00:00,344.6,346.4,341.8,342.2,888.9959
2024-07-27 21:15:00,342.2,342.4,339.1,340.6,669.3037
2024-07-27 21:30:00,340.7,343.8,340.5,343.2,155.0528
2024-07-27 21:45:00,343.2,344.8,341.2,344.7,320.7252
2024-07-27 22:00:00,344.8,347.5,344.1,345.1,2140.779
2024-07-27 22:15:00,345.4,345.6,341.3,341.7,522.033
2024-07-27 22:30:00,341.8,344.3,341.6,343.4,362.8187
2024-07-27 22:45:00,343.5,344.4,341.5,343.3,380.7945
2024-07-27 23:00:00,343.3,345.2,342.0,344.2,630.1302
2024-07-27 23:15:00,344.5,347.1,344.2,346.6,608.3434
2024-07-27 23:30:00,346.7,348.0,345.7,346.1,292.4248
2024-07-27 23:45:00,346.1,346.4,343.0,344.7,307.9658
2024-07-28 00:00:00,344.7,345.6,343.5,345.3,229.0785
2024-07-28 00:15:00,345.2,347.0,343.7,346.7,363.8632
2024-07-28 00:30:00,346.5,348.3,345.5,345.9,1350.0546
2024-07-28 00:45:00,346.0,350.0,346.0,347.1,1308.3828
2024-07-28 01:00:00,347.0,348.5,345.7,346.2,244.2842
2024-07-28 01:15:00,346.1,347.8,345.4,345.7,318.1454
2024-07-28 01:30:00,345.8,347.3,344.7,346.3,266.6226
2024-07-28 01:45:00,345.9,346.8,341.8,342.3,520.79
2024-07-28 02:00:00,342.4,344.9,336.1,344.3,1474.5568
2024-07-28 02:15:00,344.3,344.9,342.3,343.2,287.9187
2024-07-28 02:30:00,343.2,343.2,339.8,340.9,379.9085
2024-07-28 02:45:00,341.0,343.6,340.8,343.2,185.8364
2024-07-28 03:00:00,343.4,343.4,338.3,339.2,382.0475
2024-07-28 03:15:00,339.0,341.0,333.5,340.2,1434.7667
2024-07-28 03:30:00,340.2,343.5,337.1,340.2,760.9853
2024-07-28 03:45:00,340.0,342.1,337.0,340.0,1330.5163
2024-07-28 04:00:00,340.1,346.6,338.5,346.0,1176.3406
2024-07-28 04:15:00,346.0,346.4,341.5,342.5,412.6053
2024-07-28 04:30:00,342.9,343.6,341.5,342.3,289.8995
2024-07-28 04:45:00,342.2,344.1,341.6,343.7,171.944
2024-07-28 05:00:00,343.9,345.1,342.2,342.7,250.4427
2024-07-28 05:15:00,342.4,344.0,342.2,342.6,428.6254
2024-07-28 05:30:00,342.6,342.8,341.1,341.3,523.5474
2024-07-28 05:45:00,341.3,341.6,339.5,340.0,280.3713
2024-07-28 06:00:00,339.9,340.1,338.5,339.1,154.382
2024-07-28 06:15:00,339.0,340.2,337.2,339.9,390.2377
2024-07-28 06:30:00,340.1,340.8,339.3,339.5,291.6338
2024-07-28 06:45:00,339.7,339.7,337.3,337.5,75.7398
2024-07-28 07:00:00,337.4,337.9,332.5,332.5,563.6783
2024-07-28 07:15:00,332.6,335.9,331.8,334.9,579.8551
2024-07-28 07:30:00,335.1,338.9,334.9,338.0,175.1033
2024-07-28 07:45:00,338.0,339.2,335.6,339.2,98.634
2024-07-28 08:00:00,339.3,341.6,339.2,339.7,376.7942
2024-07-28 08:15:00,339.6,339.7,337.8,339.5,66.8692
2024-07-28 08:30:00,339.5,340.0,338.2,339.1,153.7057
2024-07-28 08:45:00,339.1,340.0,336.0,336.3,141.9549
2024-07-28 09:00:00,336.3,336.7,335.3,335.6,78.0834
2024-07-28 09:15:00,335.5,337.5,335.3,337.4,50.375
2024-07-28 09:30:00,337.4,339.4,337.4,338.4,82.7685
2024-07-28 09:45:00,338.4,338.8,335.5,336.0,291.3354
2024-07-28 10:00:00,335.9,336.4,334.8,335.4,228.9574
2024-07-28 10:15:00,335.3,336.8,334.8,336.8,353.3195
2024-07-28 10:30:00,336.8,337.6,335.2,335.3,225.0186
2024-07-28 10:45:00,335.2,336.5,335.2,336.1,67.4418
2024-07-28 11:00:00,336.3,337.1,335.2,336.3,110.0605
2024-07-28 11:15:00,336.4,336.6,334.3,334.6,140.5832
2024-07-28 11:30:00,334.6,335.2,333.9,334.8,68.9654
2024-07-28 11:45:00,334.8,335.3,332.8,333.1,424.5359
2024-07-28 12:00:00,333.1,333.7,330.1,332.7,455.8777
2024-07-28 12:15:00,332.7,333.9,331.4,333.9,161.7285
2024-07-28 12:30:00,333.9,334.3,332.8,333.8,185.5508
2024-07-28 12:45:00,333.8,334.3,333.0,334.1,87.3361
2024-07-28 13:00:00,333.9,335.3,333.7,334.4,247.1296
2024-07-28 13:15:00,334.7,335.9,334.4,334.8,109.7922
2024-07-28 13:30:00,334.8,335.5,333.8,334.4,291.954
2024-07-28 13:45:00,334.5,334.8,333.4,333.4,89.427
2024-07-28 14:00:00,333.4,333.6,331.9,332.8,252.2842
2024-07-28 14:15:00,332.9,333.1,331.1,332.2,154.0086
2024-07-28 14:30:00,332.3,333.4,332.0,333.4,74.4188
2024-07-28 14:45:00,333.3,334.4,333.2,333.4,183.7201
2024-07-28 15:00:00,333.4,333.5,332.4,332.9,41.9321
2024-07-28 15:15:00,332.8,333.6,332.4,332.6,58.032
2024-07-28 15:30:00,332.7,333.7,332.4,333.1,113.6229
2024-07-28 15:45:00,333.1,335.2,332.6,335.1,125.2048
2024-07-28 16:00:00,335.1,335.7,333.9,334.3,137.5515
2024-07-28 16:15:00,334.3,334.9,333.5,333.5,165.3258
2024-07-28 16:30:00,333.7,334.6,333.5,333.7,134.501
2024-07-28 16:45:00,333.9,334.4,333.2,333.3,64.5228
2024-07-28 17:00:00,333.4,334.9,333.2,334.7,263.4826
2024-07-28 17:15:00,334.6,335.7,334.6,335.5,137.6548
2024-07-28 17:30:00,335.5,335.5,334.2,334.5,70.0624
2024-07-28 17:45:00,334.6,334.6,334.0,334.4,135.3309
2024-07-28 18:00:00,334.4,334.8,334.0,334.5,88.9588
2024-07-28 18:15:00,334.3,335.4,334.3,334.5,284.0471
2024-07-28 18:30:00,334.6,335.4,334.1,334.4,367.845
2024-07-28 18:45:00,334.3,334.6,333.2,333.2,237.4272
2024-07-28 19:00:00,333.3,333.9,332.8,333.3,198.4452
2024-07-28 19:15:00,333.1,333.3,332.2,332.6,222.6887
2024-07-28 19:30:00,332.6,333.8,332.2,333.5,198.8034
2024-07-28 19:45:00,333.3,333.6,332.7,333.5,85.6219
2024-07-28 20:00:00,333.5,333.5,332.6,332.9,180.7146
2024-07-28 20:15:00,333.0,334.1,332.9,333.4,160.5707
2024-07-28 20:30:00,333.4,333.7,332.1,333.5,255.9356
2024-07-28 20:45:00,333.6,335.4,333.5,334.9,174.918
2024-07-28 21:00:00,335.0,335.6,334.4,334.6,303.2158
2024-07-28 21:15:00,334.5,335.6,334.4,334.9,555.1955
2024-07-28 21:30:00,334.9,335.7,334.4,334.5,322.1352
2024-07-28 21:45:00,334.6,335.6,334.4,334.4,832.0632
2024-07-28 22:00:00,334.4,334.9,334.4,334.5,227.7024
2024-07-28 22:15:00,334.5,335.7,334.4,335.3,102.0086
2024-07-28 22:30:00,335.4,337.1,334.9,336.5,262.3469
2024-07-28 22:45:00,336.5,338.1,335.9,336.0,179.3379
2024-07-28 23:00:00,335.9,336.1,334.5,335.5,368.421
2024-07-28 23:15:00,335.5,335.8,334.4,334.6,135.6328
2024-07-28 23:30:00,334.6,335.6,334.5,334.7,69.0859
2024-07-28 23:45:00,334.8,334.9,333.7,333.8,425.7595
2024-07-29 00:00:00,333.7,336.7,333.7,336.5,76.2193
2024-07-29 00:15:00,336.4,336.8,334.1,334.5,120.2746
2024-07-29 00:30:00,334.5,336.1,333.3,335.7,180.9158
2024-07-29 00:45:00,335.2,335.7,334.7,335.2,30.084
2024-07-29 01:00:00,335.2,335.3,334.1,334.9,162.3533
2024-07-29 01:15:00,334.9,337.7,334.5,337.3,288.5715
2024-07-29 01:30:00,337.2,338.5,336.9,338.0,236.0591
2024-07-29 01:45:00,338.0,338.8,337.0,338.5,211.4951
2024-07-29 02:00:00,338.6,338.9,338.0,338.2,75.0376
2024-07-29 02:15:00,338.0,338.7,337.2,338.5,44.9492
2024-07-29 02:30:00,338.5,338.7,336.9,338.7,398.1558
2024-07-29 02:45:00,338.5,338.5,336.9,337.2,122.3524
2024-07-29 03:00:00,337.4,337.4,336.9,336.9,64.0001
2024-07-29 03:15:00,337.0,337.5,336.9,337.1,499.2602
2024-07-29 03:30:00,337.2,337.3,336.9,337.0,206.1101
2024-07-29 03:45:00,336.9,337.2,336.9,337.1,220.2041
2024-07-29 04:00:00,337.1,337.7,336.9,336.9,523.0474
2024-07-29 04:15:00,336.9,337.7,336.9,337.5,546.5953
2024-07-29 04:30:00,337.4,337.4,336.9,337.0,60.7715
2024-07-29 04:45:00,336.9,337.6,336.9,337.1,216.7892
2024-07-29 05:00:00,337.2,337.7,335.3,336.1,647.7686
2024-07-29 05:15:00,336.3,337.3,334.7,336.4,224.2554
2024-07-29 05:30:00,336.6,336.8,334.0,334.7,122.9092
2024-07-29 05:45:00,334.4,334.7,332.1,333.5,500.2742
2024-07-29 06:00:00,333.5,334.6,332.9,334.3,102.6844
2024-07-29 06:15:00,334.1,336.1,334.1,335.1,120.5781
2024-07-29 06:30:00,335.2,335.9,334.6,335.5,154.4498
2024-07-29 06:45:00,335.4,335.6,334.5,335.4,83.5931
2024-07-29 07:00:00,335.3,339.7,334.5,337.9,457.0332
2024-07-29 07:15:00,337.7,343.3,337.7,341.9,476.6556
2024-07-29 07:30:00,342.2,343.0,340.5,340.6,256.0075
2024-07-29 07:45:00,340.4,342.0,340.1,342.0,94.3092
2024-07-29 08:00:00,342.0,343.0,340.9,342.5,237.7914
2024-07-29 08:15:00,342.5,342.7,339.5,342.2,142.0691
2024-07-29 08:30:00,342.5,342.9,340.5,340.5,102.1687
2024-07-29 08:45:00,340.3,341.0,337.3,337.4,430.6914
2024-07-29 09:00:00,337.4,338.5,335.6,338.5,690.2849
2024-07-29 09:15:00,338.6,341.8,338.6,341.1,234.3847
2024-07-29 09:30:00,341.2,345.7,341.2,345.6,1117.8462
2024-07-29 09:45:00,345.5,346.2,344.6,344.8,301.4422
2024-07-29 10:00:00,344.8,346.1,343.4,344.8,195.859
2024-07-29 10:15:00,344.7,345.3,342.2,343.7,425.6484
2024-07-29 10:30:00,343.8,345.2,342.1,343.9,392.6778
2024-07-29 10:45:00,343.8,344.9,342.8,343.2,178.1519
2024-07-29 11:00:00,343.3,345.2,343.0,344.9,150.425
2024-07-29 11:15:00,344.9,347.2,343.7,346.4,251.9972
2024-07-29 11:30:00,346.5,346.7,344.2,345.0,346.9557
2024-07-29 11:45:00,344.9,345.1,343.6,343.9,137.5111
2024-07-29 12:00:00,343.8,344.5,343.1,344.0,93.0939
2024-07-29 12:15:00,344.3,345.1,343.1,343.1,207.7689
2024-07-29 12:30:00,343.2,345.4,343.0,344.1,299.4898
2024-07-29 12:45:00,344.3,347.3,344.3,346.7,176.2934
2024-07-29 13:00:00,346.6,347.6,345.4,345.8,305.9316
2024-07-29 13:15:00,346.3,346.8,344.9,345.5,296.2533
2024-07-29 13:30:00,345.5,346.6,343.8,345.8,210.4117
2024-07-29 13:45:00,345.7,346.1,343.1,344.0,593.327
2024-07-29 14:00:00,344.1,345.5,343.8,345.1,143.5101
2024-07-29 14:15:00,345.0,346.5,344.6,345.5,363.2034
2024-07-29 14:30:00,345.5,345.6,343.7,343.7,133.3456
2024-07-29 14:45:00,343.5,344.6,343.3,344.5,410.3392
2024-07-29 15:00:00,344.5,345.7,343.4,345.6,506.3434
2024-07-29 15:15:00,345.5,345.9,343.7,344.2,182.4147
2024-07-29 15:30:00,343.9,344.1,342.6,344.0,441.3177
2024-07-29 15:45:00,344.0,345.3,342.7,342.9,189.492
2024-07-29 16:00:00,342.5,344.1,342.0,343.8,177.0382
2024-07-29 16:15:00,343.8,344.5,343.2,343.3,82.8201
2024-07-29 16:30:00,343.2,343.7,340.4,341.2,550.078
2024-07-29 16:45:00,341.2,342.2,340.6,341.6,287.6568
2024-07-29 17:00:00,341.6,341.6,340.0,341.0,424.7911
2024-07-29 17:15:00,341.0,342.2,340.5,342.1,86.7024
2024-07-29 17:30:00,342.2,343.2,340.6,341.3,80.8093
2024-07-29 17:45:00,341.3,341.4,338.5,339.9,349.909
2024-07-29 18:00:00,339.9,340.3,338.7,339.9,614.8529
2024-07-29 18:15:00,339.9,341.0,339.3,339.6,265.2551
2024-07-29 18:30:00,339.7,340.2,338.9,339.3,166.3251
2024-07-29 18:45:00,339.2,340.8,339.0,340.4,245.6726
2024-07-29 19:00:00,340.6,340.6,337.8,337.9,942.2068
2024-07-29 19:15:00,338.0,338.2,336.6,337.5,1261.1434
2024-07-29 19:30:00,337.4,339.2,336.8,338.8,502.9698
2024-07-29 19:45:00,338.7,339.8,337.7,338.5,325.3211
2024-07-29 20:00:00,338.4,338.8,336.6,337.6,446.2273
2024-07-29 20:15:00,337.5,337.6,335.2,335.5,316.7541
2024-07-29 20:30:00,335.6,336.9,334.3,336.4,523.2167
2024-07-29 20:45:00,336.3,336.7,333.3,334.0,587.5001
2024-07-29 21:00:00,334.0,334.2,326.6,327.7,2321.4497
2024-07-29 21:15:00,327.8,333.8,327.8,331.4,819.2714
2024-07-29 21:30:00,331.1,332.4,329.7,331.0,525.0761
2024-07-29 21:45:00,330.7,331.2,326.9,328.3,699.1173
2024-07-29 22:00:00,328.0,331.4,326.7,328.8,684.3118
2024-07-29 22:15:00,328.8,328.8,323.0,326.1,1888.9729
2024-07-29 22:30:00,326.0,329.5,325.0,329.0,491.0414
2024-07-29 22:45:00,328.9,329.6,327.9,328.7,299.1425
2024-07-29 23:00:00,328.7,329.1,326.2,329.0,397.2413
2024-07-29 23:15:00,329.1,330.4,325.1,326.2,1034.3752
2024-07-29 23:30:00,326.1,328.8,323.8,325.4,809.3792
2024-07-29 23:45:00,325.4,327.2,325.3,326.6,202.6931
2024-07-30 00:00:00,326.5,330.5,325.0,330.0,496.8203
2024-07-30 00:15:00,329.9,329.9,326.6,327.0,459.2136
2024-07-30 00:30:00,326.8,329.2,326.7,328.9,207.7506
2024-07-30 00:45:00,328.9,330.2,328.6,328.8,343.0155
2024-07-30 01:00:00,328.8,329.4,327.4,328.4,232.5437
2024-07-30 01:15:00,328.2,329.5,327.6,328.4,112.4611
2024-07-30 01:30:00,328.3,329.5,328.3,329.0,67.3033
2024-07-30 01:45:00,329.0,329.0,327.8,328.1,110.7798
2024-07-30 02:00:00,328.0,328.1,326.4,326.7,375.0925
2024-07-30 02:15:00,326.7,327.6,326.1,327.0,270.9234
2024-07-30 02:30:00,327.0,327.4,326.5,327.2,71.7389
2024-07-30 02:45:00,327.4,327.7,326.6,326.8,39.6152
2024-07-30 03:00:00,326.6,326.8,325.3,325.4,106.8167
2024-07-30 03:15:00,325.6,326.6,325.2,326.6,189.7672
2024-07-30 03:30:00,326.5,327.2,326.4,327.0,41.8686
2024-07-30 03:45:00,326.9,328.0,326.7,327.5,227.7897
2024-07-30 04:00:00,327.5,327.7,324.7,325.0,122.1691
2024-07-30 04:15:00,324.9,325.5,323.9,323.9,112.9553
2024-07-30 04:30:00,324.1,326.0,324.0,325.7,53.0217
2024-07-30 04:45:00,325.8,325.9,322.8,325.0,241.4843
2024-07-30 05:00:00,325.2,326.2,324.5,325.9,315.2011
2024-07-30 05:15:00,326.0,327.1,324.2,324.2,632.2685
2024-07-30 05:30:00,324.2,324.5,322.4,322.4,238.4585
2024-07-30 05:45:00,322.4,322.7,320.6,321.4,575.1551
2024-07-30 06:00:00,321.2,322.2,320.0,320.4,512.7833
2024-07-30 06:15:00,320.5,322.0,320.0,322.0,376.9947
2024-07-30 06:30:00,321.8,322.7,320.7,320.7,116.2499
2024-07-30 06:45:00,320.6,321.0,318.4,318.8,554.7826
2024-07-30 07:00:00,318.9,319.6,316.1,316.5,1149.1642
2024-07-30 07:15:00,316.5,319.6,315.2,319.4,644.0571
2024-07-30 07:30:00,319.5,322.1,318.9,320.8,404.8336
2024-07-30 07:45:00,320.8,321.5,320.4,320.8,121.4472
2024-07-30 08:00:00,320.9,321.8,320.0,321.8,151.3357
2024-07-30 08:15:00,321.6,322.9,320.7,321.0,417.1434
2024-07-30 08:30:00,320.9,321.1,317.9,318.4,288.9783
2024-07-30 08:45:00,318.4,319.0,317.3,317.6,115.2147
2024-07-30 09:00:00,317.6,318.9,317.4,318.6,335.8439
2024-07-30 09:15:00,318.5,318.9,316.6,317.0,111.4882
2024-07-30 09:30:00,316.9,318.2,316.4,317.9,124.3045
2024-07-30 09:45:00,317.9,319.9,317.9,319.6,184.5123
2024-07-30 10:00:00,319.7,320.0,318.8,319.5,159.2981
2024-07-30 10:15:00,319.5,319.5,318.2,318.3,77.917
2024-07-30 10:30:00,318.4,319.4,318.2,319.2,91.6074
2024-07-30 10:45:00,319.1,320.5,319.0,320.1,518.5643
2024-07-30 11:00:00,320.0,320.3,319.5,319.7,75.713
2024-07-30 11:15:00,319.7,320.0,318.6,319.1,467.3255
2024-07-30 11:30:00,319.2,319.5,318.5,319.3,249.0928
2024-07-30 11:45:00,319.4,322.1,319.4,322.1,326.6921
2024-07-30 12:00:00,322.0,322.3,320.4,320.7,256.1715
2024-07-30 12:15:00,320.7,320.7,319.7,320.2,488.8213
2024-07-30 12:30:00,320.2,321.0,319.3,320.9,235.968
2024-07-30 12:45:00,320.8,321.1,319.7,319.9,160.099
2024-07-30 13:00:00,320.1,323.4,319.6,323.1,417.873
2024-07-30 13:15:00,323.1,325.4,322.8,325.2,395.6788
2024-07-30 13:30:00,325.2,325.7,324.2,324.3,342.993
2024-07-30 13:45:00,324.3,325.6,324.2,325.0,532.7971
2024-07-30 14:00:00,324.9,325.4,324.2,324.3,351.5219
2024-07-30 14:15:00,324.3,325.5,321.6,322.8,511.9808
2024-07-30 14:30:00,322.8,325.3,321.5,324.8,563.8399
2024-07-30 14:45:00,324.8,327.3,324.7,325.8,270.6819
2024-07-30 15:00:00,325.7,326.3,324.2,325.5,285.4335
2024-07-30 15:15:00,325.5,325.9,324.3,324.5,108.6814
2024-07-30 15:30:00,324.4,325.3,323.6,324.8,127.7366
2024-07-30 15:45:00,325.2,325.4,323.5,324.0,291.2249
2024-07-30 16:00:00,323.9,324.7,322.8,323.7,222.2422
2024-07-30 16:15:00,323.6,324.1,323.4,323.7,142.7553
2024-07-30 16:30:00,323.9,323.9,320.3,321.0,771.9152
2024-07-30 16:45:00,321.1,322.1,320.9,321.3,365.5162
2024-07-30 17:00:00,321.2,321.5,320.7,320.7,144.3045
2024-07-30 17:15:00,320.8,320.9,319.1,320.4,384.1558
2024-07-30 17:30:00,320.6,321.5,320.2,321.4,249.0166
2024-07-30 17:45:00,321.3,322.4,321.0,322.2,161.996
2024-07-30 18:00:00,322.2,324.7,321.5,321.5,200.4114
2024-07-30 18:15:00,321.7,322.3,320.9,322.2,104.3082
2024-07-30 18:30:00,322.4,322.9,321.3,321.6,104.8953
2024-07-30 18:45:00,321.5,321.9,321.1,321.4,94.0726
2024-07-30 19:00:00,321.5,322.6,320.3,322.4,287.6385
2024-07-30 19:15:00,322.4,323.0,321.2,321.8,386.4835
2024-07-30 19:30:00,321.7,326.1,320.1,325.6,1025.0789
2024-07-30 19:45:00,325.8,329.4,324.2,328.2,798.6665
2024-07-30 20:00:00,328.2,329.2,325.8,327.0,826.499
2024-07-30 20:15:00,327.0,327.5,325.8,326.5,467.7708
2024-07-30 20:30:00,326.5,327.8,324.8,325.3,525.9087
2024-07-30 20:45:00,325.5,326.0,323.5,324.5,379.3114
2024-07-30 21:00:00,324.4,326.6,323.4,325.9,642.0606
2024-07-30 21:15:00,325.8,325.9,322.4,322.5,335.7062
2024-07-30 21:30:00,322.5,324.7,321.8,322.3,452.7043
2024-07-30 21:45:00,322.4,322.6,321.0,321.4,292.9468
2024-07-30 22:00:00,321.3,325.8,320.3,325.4,642.3782
2024-07-30 22:15:00,325.6,326.8,324.6,325.6,428.9703
2024-07-30 22:30:00,325.5,326.6,324.0,326.2,293.9559
2024-07-30 22:45:00,326.2,328.7,326.1,327.3,334.4701
2024-07-30 23:00:00,327.3,327.3,325.8,326.4,422.9577
2024-07-30 23:15:00,326.4,326.4,324.7,325.1,125.9039
2024-07-30 23:30:00,325.1,329.1,324.7,327.8,591.6184
2024-07-30 23:45:00,327.9,328.6,325.5,325.9,360.8858
2024-07-31 00:00:00,326.0,326.7,322.5,323.0,774.1069
